1000
41 53 60
41 53 60
41 53 60
41 52 60
41 53 60
48 55 60
41 52 60
48 55 60
42 51 60
47 56 60
40 53 60
49 55 60
40 51 60
48 56 60
41 50 60
48 57 60
40 51 60
50 59 60
41 50 60
50 59 60
39 51 60
50 59 60
39 50 60
50 59 60
39 50 60
50 59 60
53 45 60
39 53 60
50 59 60
52 43 60
39 50 60
51 61 60
39 50 60
53 43 60
39 54 60
51 62 60
53 43 60
39 54 60
53 43 60
51 62 60
39 49 60
54 43 60
45 60 60
51 63 60
38 52 60
54 43 60
50 63 60
55 41 60
38 54 60
57 41 60
38 54 60
52 63 60
57 37 60
38 55 60
57 37 60
51 64 60
37 51 60
58 36 60
51 65 60
36 49 60
58 35 60
36 63 60
58 35 60
35 64 60
60 38 60
35 64 60
58 35 60
35 65 60
60 35 60
31 66 60
59 34 60
31 66 60
61 36 60
28 34 60
55 68 60
28 34 60
55 68 60
28 34 60
54 68 60
62 36 60
32 67 60
28 32 60
55 68 60
62 37 60
30 66 60
63 31 60
27 32 60
54 68 60
32 67 60
63 37 60
27 32 60
56 69 60
27 32 60
63 30 60
32 67 60
54 69 60
63 30 60
26 35 60
36 65 60
64 29 60
53 69 60
26 31 60
57 70 60
66 28 60
29 65 60
26 35 60
66 28 60
53 69 60
25 37 60
57 70 60
68 27 60
24 38 60
53 69 60
69 27 60
23 40 60
56 71 60
70 27 60
23 40 60
53 70 60
70 27 60
23 40 60
62 72 60
71 26 60
29 64 60
24 38 60
71 26 60
53 70 60
23 40 60
62 73 60
71 26 60
24 38 60
52 70 60
71 26 60
57 72 60
23 39 60
71 26 60
35 72 60
25 31 60
70 25 60
53 69 60
23 39 60
64 75 60
72 27 60
23 40 60
54 69 60
70 25 60
23 39 60
61 74 60
72 27 60
36 73 60
23 38 60
70 25 60
52 70 60
21 36 60
72 27 60
65 76 60
23 40 60
54 69 60
69 24 60
21 36 60
67 77 60
73 27 60
40 75 60
21 36 60
69 24 60
52 68 60
22 41 60
73 27 60
60 75 60
20 35 60
39 76 60
69 24 60
66 77 60
19 34 60
75 29 60
50 67 60
20 35 60
72 26 60
39 76 60
19 34 60
69 24 60
65 77 60
24 39 60
75 29 60
54 69 60
18 44 60
39 76 60
68 23 60
67 77 60
19 34 60
75 29 60
49 66 60
20 35 60
68 23 60
39 76 60
76 30 60
19 34 60
65 78 60
50 66 60
68 23 60
20 35 60
76 77 60
14 78 60
32 21 60
77 31 60
50 65 60
18 33 60
14 79 60
69 23 60
75 78 60
20 35 60
50 65 60
77 31 60
14 79 60
33 20 60
75 78 60
79 33 60
14 79 60
40 17 60
51 66 60
18 33 60
79 34 60
65 79 60
13 78 60
68 22 60
21 36 60
75 78 60
49 64 60
36 17 60
79 33 60
13 79 60
17 32 60
75 78 60
68 22 60
47 62 60
13 80 60
36 17 60
79 34 60
67 81 60
17 32 60
13 80 60
49 64 60
80 35 60
39 16 60
74 79 60
12 81 60
69 23 60
17 32 60
47 62 60
80 35 60
17 32 60
12 81 60
72 81 60
39 15 60
49 64 60
80 35 60
13 82 60
35 17 60
72 81 60
68 22 60
19 34 60
49 64 60
11 80 60
80 35 60
69 83 60
17 31 60
64 19 60
11 80 60
46 61 60
81 36 60
38 15 60
69 83 60
17 31 60
12 81 60
79 33 60
47 62 60
72 81 60
18 32 60
11 80 60
63 18 60
38 53 60
81 36 60
69 83 60
15 24 60
11 81 60
63 18 60
69 83 60
39 54 60
81 36 60
15 24 60
14 84 60
76 77 60
39 14 60
10 79 60
80 34 60
46 61 60
15 24 60
69 84 60
60 15 60
11 81 60
39 54 60
82 37 60
15 24 60
69 84 60
10 79 60
58 13 60
39 54 60
83 38 60
69 84 60
15 24 60
15 86 60
57 12 60
39 54 60
84 39 60
70 83 60
11 82 60
15 24 60
56 11 60
45 60 60
84 39 60
69 84 60
11 82 60
15 24 60
39 54 60
83 38 60
56 11 60
69 84 60
16 87 60
14 23 60
84 39 60
9 78 60
39 54 60
69 84 60
56 11 60
14 23 60
84 39 60
9 78 60
69 84 60
39 54 60
56 11 60
13 27 60
16 87 60
86 41 60
71 82 60
55 10 60
39 54 60
14 23 60
10 81 60
85 40 60
69 84 60
55 10 60
42 57 60
12 26 60
15 87 60
86 41 60
69 84 60
56 11 60
39 54 60
10 82 60
12 26 60
86 41 60
69 84 60
54 9 60
42 57 60
18 90 60
12 27 60
85 40 60
54 9 60
70 83 60
39 54 60
10 82 60
84 39 60
14 23 60
69 84 60
54 9 60
18 90 60
39 54 60
86 41 60
11 26 60
56 11 60
69 84 60
7 78 60
86 41 60
42 57 60
12 27 60
54 9 60
18 90 60
71 82 60
84 39 60
39 54 60
11 26 60
9 82 60
54 9 60
69 84 60
87 42 60
41 56 60
11 26 60
21 92 60
56 11 60
69 84 60
86 41 60
7 78 60
11 26 60
54 9 60
41 56 60
69 84 60
87 42 60
15 88 60
56 11 60
11 26 60
39 54 60
70 83 60
18 91 60
84 39 60
54 9 60
11 26 60
41 56 60
9 83 60
87 42 60
69 84 60
57 12 60
11 26 60
39 54 60
18 91 60
89 44 60
69 84 60
53 8 60
6 77 60
10 25 60
39 54 60
79 33 60
69 84 60
53 8 60
9 83 60
89 44 60
10 25 60
41 56 60
69 84 60
22 93 60
57 12 60
90 45 60
10 25 60
39 54 60
6 78 60
70 83 60
53 8 60
84 39 60
10 25 60
17 91 60
39 54 60
69 84 60
54 9 60
90 45 60
5 78 60
10 25 60
40 55 60
70 85 60
59 14 60
87 42 60
17 91 60
10 25 60
40 55 60
53 8 60
70 85 60
90 45 60
9 84 60
10 25 60
60 15 60
40 55 60
70 85 60
20 93 60
93 48 60
10 25 60
53 8 60
5 78 60
83 38 60
70 85 60
40 55 60
17 91 60
10 25 60
53 8 60
93 48 60
70 85 60
40 55 60
5 78 60
63 17 60
10 25 60
90 45 60
70 85 60
40 55 60
20 93 60
53 8 60
83 38 60
9 24 60
5 78 60
71 86 60
39 54 60
93 48 60
53 8 60
21 94 60
9 24 60
69 84 60
39 54 60
83 38 60
53 8 60
9 84 60
9 24 60
94 49 60
71 86 60
40 55 60
63 17 60
17 92 60
10 25 60
94 49 60
70 85 60
4 77 60
53 8 60
40 55 60
9 24 60
83 38 60
22 95 60
71 86 60
52 7 60
41 56 60
4 78 60
95 50 60
11 26 60
65 19 60
71 86 60
41 56 60
17 92 60
94 49 60
52 7 60
9 24 60
71 86 60
4 78 60
39 54 60
73 26 60
24 96 60
9 24 60
95 50 60
51 6 60
69 84 60
39 54 60
4 78 60
82 37 60
9 24 60
52 7 60
71 86 60
24 96 60
41 56 60
95 50 60
11 26 60
65 19 60
8 83 60
71 86 60
41 56 60
95 50 60
51 6 60
9 24 60
4 79 60
71 86 60
39 54 60
24 97 60
81 35 60
51 6 60
9 24 60
96 51 60
69 84 60
3 77 60
39 54 60
65 19 60
24 97 60
9 24 60
95 50 60
71 86 60
51 6 60
41 56 60
4 79 60
11 26 60
81 36 60
71 86 60
17 92 60
51 6 60
41 56 60
96 51 60
9 24 60
66 20 60
24 97 60
71 86 60
39 54 60
96 51 60
3 77 60
50 5 60
9 24 60
69 84 60
81 36 60
39 54 60
22 96 60
51 6 60
9 24 60
2 77 60
96 51 60
71 86 60
41 56 60
66 20 60
11 26 60
25 98 60
96 51 60
1 76 60
49 4 60
71 86 60
41 56 60
9 24 60
80 33 60
2 77 60
49 4 60
72 87 60
97 52 60
25 98 60
39 54 60
9 24 60
67 21 60
69 84 60
1 76 60
96 51 60
39 54 60
49 4 60
21 96 60
9 24 60
72 87 60
80 33 60
42 57 60
49 4 60
1 76 60
12 27 60
97 52 60
24 98 60
72 87 60
66 20 60
42 57 60
9 24 60
97 52 60
1 76 60
49 4 60
72 87 60
24 98 60
39 54 60
80 33 60
9 24 60
49 4 60
69 84 60
97 52 60
1 76 60
39 54 60
24 98 60
9 24 60
67 21 60
72 87 60
97 52 60
42 57 60
1 76 60
49 4 60
12 27 60
21 96 60
80 33 60
72 87 60
42 57 60
49 4 60
98 53 60
9 24 60
24 99 60
1 76 60
73 88 60
68 21 60
39 54 60
97 52 60
9 24 60
48 3 60
24 99 60
69 84 60
1 76 60
39 54 60
80 33 60
9 24 60
98 53 60
48 3 60
73 88 60
0 75 60
42 57 60
24 99 60
70 23 60
12 27 60
98 53 60
72 87 60
48 3 60
42 57 60
0 75 60
9 24 60
24 99 60
79 33 60
76 91 60
49 4 60
39 54 60
98 53 60
9 24 60
0 75 60
69 84 60
24 99 60
68 22 60
39 54 60
98 53 60
48 3 60
9 24 60
77 92 60
0 75 60
24 99 60
79 32 60
43 58 60
12 27 60
48 3 60
73 88 60
98 53 60
0 75 60
69 22 60
42 57 60
24 99 60
9 24 60
77 92 60
98 53 60
48 3 60
39 54 60
0 75 60
69 84 60
9 24 60
24 99 60
79 32 60
48 3 60
99 54 60
39 54 60
77 92 60
0 75 60
9 24 60
69 22 60
24 99 60
47 62 60
99 54 60
47 2 60
77 92 60
12 27 60
0 75 60
78 31 60
24 99 60
44 59 60
47 2 60
99 54 60
72 87 60
9 24 60
70 23 60
39 54 60
0 75 60
24 99 60
77 92 60
99 54 60
9 24 60
46 1 60
47 62 60
70 23 60
0 75 60
77 92 60
17 32 60
99 54 60
24 99 60
45 0 60
47 62 60
78 31 60
9 24 60
77 92 60
0 75 60
99 54 60
24 99 60
39 54 60
45 0 60
69 84 60
9 24 60
70 23 60
99 54 60
0 75 60
39 54 60
24 99 60
45 0 60
77 92 60
9 24 60
76 29 60
47 62 60
99 54 60
0 75 60
45 0 60
77 92 60
24 99 60
17 32 60
70 23 60
47 62 60
99 54 60
8 23 60
77 92 60
0 75 60
45 0 60
24 99 60
39 54 60
76 29 60
69 84 60
8 23 60
99 54 60
45 0 60
0 75 60
24 99 60
38 53 60
70 23 60
77 92 60
8 23 60
99 54 60
47 62 60
45 0 60
0 75 60
24 99 60
17 32 60
78 93 60
76 29 60
99 54 60
47 62 60
45 0 60
0 75 60
8 23 60
77 92 60
24 99 60
70 23 60
38 53 60
99 54 60
69 84 60
45 0 60
8 23 60
0 75 60
76 29 60
24 99 60
39 54 60
79 94 60
99 54 60
45 0 60
9 24 60
47 62 60
0 75 60
70 23 60
24 99 60
79 94 60
17 32 60
99 54 60
45 0 60
49 64 60
76 29 60
0 75 60
8 23 60
79 94 60
24 99 60
99 54 60
38 53 60
45 0 60
69 84 60
70 23 60
8 23 60
0 75 60
99 0 60
24 99 60
99 54 60
39 54 60
79 94 60
45 0 60
8 23 60
76 29 60
49 64 60
0 75 60
24 99 60
99 0 60
79 94 60
99 54 60
17 32 60
45 0 60
47 62 60
69 24 60
0 75 60
77 92 60
8 23 60
99 54 60
24 99 60
99 0 60
38 53 60
45 0 60
69 84 60
76 29 60
8 23 60
0 75 60
24 99 60
99 54 60
38 53 60
45 0 60
79 94 60
99 0 60
8 23 60
69 24 60
49 64 60
0 75 60
99 54 60
24 99 60
79 94 60
19 34 60
45 0 60
99 0 60
49 64 60
81 36 60
0 75 60
79 94 60
24 99 60
8 23 60
50 5 60
99 54 60
38 53 60
99 0 60
69 84 60
69 24 60
0 75 60
8 23 60
24 99 60
39 54 60
45 0 60
99 54 60
80 95 60
99 0 60
9 24 60
0 75 60
49 64 60
69 24 60
24 99 60
99 54 60
79 94 60
45 0 60
19 34 60
49 64 60
76 29 60
0 75 60
99 0 60
7 22 60
80 95 60
24 99 60
45 0 60
99 54 60
38 53 60
69 84 60
69 24 60
7 22 60
0 75 60
99 0 60
24 99 60
99 54 60
37 52 60
45 0 60
80 95 60
7 22 60
79 34 60
49 64 60
0 75 60
24 99 60
99 0 60
45 0 60
79 94 60
19 34 60
99 54 60
49 64 60
69 24 60
0 75 60
7 22 60
80 95 60
24 99 60
99 0 60
99 54 60
45 0 60
37 52 60
69 84 60
76 29 60
7 22 60
0 75 60
24 99 60
45 0 60
39 54 60
99 54 60
80 95 60
99 0 60
6 21 60
69 24 60
50 65 60
0 75 60
