100
29 1 0 58
36 1 0 83
74 1 0 44
77 1 0 86
25 1 0 62
27 1 0 22
12 1 0 78
41 1 0 18
85 1 0 57
1 1 0 0
7 1 0 36
97 1 0 84
3 1 0 50
63 1 0 67
55 1 0 49
91 1 0 48
87 1 0 39
40 1 0 87
44 1 0 60
58 1 0 63
78 1 0 4
26 1 0 5
37 1 0 2
61 1 0 35
15 1 0 77
13 1 0 7
93 1 0 85
16 1 0 25
71 1 0 69
5 1 0 51
22 1 0 43
49 1 0 72
81 1 0 98
94 1 0 27
60 1 0 82
6 1 0 30
52 1 0 76
20 1 0 99
86 1 0 9
79 1 0 21
8 1 0 11
38 1 0 23
21 1 0 38
73 1 0 97
100 1 0 71
10 1 0 90
82 1 0 33
90 1 0 70
54 1 0 74
2 1 0 10
4 1 0 13
18 1 0 93
32 1 0 92
69 1 0 73
67 1 0 95
34 1 0 88
84 1 0 68
28 1 0 6
64 1 0 14
43 1 0 100
56 1 0 15
24 1 0 81
57 1 0 61
98 1 0 12
30 1 0 1
47 1 0 94
62 1 0 24
83 1 0 47
70 1 0 54
89 1 0 79
99 1 0 64
48 1 0 66
68 1 0 55
53 1 0 37
75 1 0 3
51 1 0 89
14 1 0 26
11 1 0 46
88 1 0 17
95 1 0 34
23 1 0 31
59 1 0 20
35 1 0 56
96 1 0 80
92 1 0 16
76 1 0 75
39 1 0 42
33 1 0 53
50 1 0 32
9 1 0 41
45 1 0 19
31 1 0 65
17 1 0 28
46 1 0 91
66 1 0 96
65 1 0 59
72 1 0 29
80 1 0 40
19 1 0 52
42 1 0 8
