5000 1000
-679
810
342
-15
634
57
378
550
913
-669
111
992
-287
-597
-70
-942
55
-585
808
-367
884
744
963
4
-494
950
269
-123
-189
364
743
-819
-914
888
395
-253
-755
-444
783
-92
-720
440
-435
82
745
-566
372
417
-911
-484
-698
539
653
-994
369
483
131
427
-813
857
326
494
-760
-692
994
824
19
-640
607
-96
-651
658
-166
-101
-768
721
556
849
-506
-766
-768
-174
564
961
424
-387
-301
320
-709
459
-40
-285
879
-521
251
653
992
-726
-255
-266
486
296
992
563
-213
570
-965
-353
-570
-705
852
-647
-538
-92
403
-33
-506
-834
-354
-64
231
-189
788
347
286
-623
109
710
-911
708
665
92
-286
741
183
697
415
-875
-545
-88
715
-765
-441
-75
822
-862
-807
936
227
-919
467
-941
258
-936
436
962
424
-946
711
287
-639
-594
434
-31
183
58
962
-553
-943
49
-462
881
817
-56
295
-585
414
705
-130
-441
47
-415
-21
737
741
609
231
77
233
191
-484
-492
-59
-536
-731
-785
850
-119
929
514
-886
-361
893
227
-792
-494
-700
-399
-594
-393
-67
-158
-561
-284
-435
-679
-888
648
62
527
-284
-721
-453
-193
-973
790
-50
-11
-269
658
-755
909
49
5
-312
-59
423
823
378
-426
-973
659
-557
101
-46
-674
169
483
868
-804
380
-545
-63
-375
-613
-70
881
-901
-180
765
-92
-356
637
957
-612
-931
658
324
57
-397
894
-264
569
485
-977
965
204
-918
296
-798
-438
85
200
321
-977
-654
-815
-65
-177
-74
782
328
-477
913
-608
296
719
568
-904
-11
770
372
-224
-197
-617
-477
-140
-624
-138
459
16
-228
817
955
-903
893
167
-628
650
-805
240
615
-696
-224
-216
-655
-641
-126
-307
46
863
-137
281
466
-485
803
889
26
-299
590
-334
-253
961
-200
314
-743
-788
-747
-382
-554
-948
394
580
321
418
522
957
639
-47
-45
24
866
378
-815
-625
34
165
-926
565
54
859
172
-585
48
322
203
-203
261
-753
-201
692
124
-772
-472
-649
15
-287
286
372
-699
147
113
-513
198
623
-494
-101
37
-660
273
-49
-516
205
2
-29
-724
858
-788
-926
-958
465
-764
-233
772
-427
-93
-872
479
-655
-896
423
653
480
-766
-79
-973
-856
690
760
250
221
-639
653
4
-823
272
-743
160
887
372
16
495
693
585
282
-430
48
151
547
305
32
-674
567
828
-950
-480
-774
152
50
912
-70
-743
-455
620
336
-887
-226
-514
262
237
290
537
552
-680
319
-822
741
-488
175
195
303
-99
-947
-388
-681
771
-479
483
-633
182
10
662
443
460
-381
-364
731
127
555
462
-968
-139
511
-124
679
35
296
661
708
403
-964
-715
-843
-513
251
935
262
241
-881
946
369
-461
258
741
395
69
306
-685
-374
169
645
328
683
195
557
-129
453
969
138
990
810
861
-719
-18
-67
-906
29
580
38
-191
631
-955
320
459
589
263
945
-893
-965
-128
879
177
-271
526
-614
-783
996
-685
-7
261
-78
436
737
315
-883
156
-484
567
-644
145
354
859
406
234
-629
989
-640
654
313
-588
798
834
404
903
57
812
381
-282
-40
314
-517
-133
286
-419
-759
-992
319
991
854
-439
-238
-458
-25
-416
357
-728
-264
987
-507
-348
-217
-367
147
-959
181
909
439
-750
-37
-703
-858
286
-834
-449
433
-680
139
-4
219
984
956
-453
-661
994
735
996
-40
235
-310
127
470
-691
-298
-770
-804
647
251
570
249
223
-503
371
-200
-39
-649
894
126
863
307
-855
-286
-57
895
-195
741
-965
-475
913
251
510
-428
-106
336
-10
-521
478
-373
-884
718
74
-578
421
-593
165
751
-616
406
-716
-307
-275
-315
-862
-736
992
-194
-569
-815
515
301
-30
-168
797
-217
-415
-300
370
-416
463
679
-774
-252
-577
458
848
-821
721
377
-88
764
-72
21
-257
-725
-535
893
563
889
-669
453
594
82
-389
865
-894
786
310
-269
-563
-449
-917
-847
-931
-428
429
417
822
-637
889
623
211
918
-160
564
-940
-857
433
182
403
-599
225
885
745
947
96
-926
765
-894
991
164
494
-23
-949
-582
47
480
718
924
-29
-430
333
993
263
-573
-151
-665
135
417
-843
279
-429
667
643
-614
753
40
496
-252
409
-667
363
-708
-847
520
-109
-599
875
826
-274
162
237
476
-468
558
-639
910
597
911
-264
-715
-429
-105
439
72
931
-576
717
-434
693
-263
-12
118
974
-25
-659
-99
-61
593
-421
-974
707
883
-124
-185
-224
-52
112
49
536
431
947
-1000
415
-700
692
-937
-757
-971
-953
794
-618
-548
765
173
-817
-368
-702
-96
343
46
-497
-440
721
396
-546
389
-836
-643
434
-411
-67
-404
-839
-122
-756
331
-676
-849
-448
794
467
54
75
870
-686
274
-838
247
-426
-625
-935
378
-703
971
644
574
-150
58
615
543
-443
337
867
671
89
-705
428
383
647
-92
-362
-129
13
739
-912
-473
-478
-740
899
364
-968
224
880
-236
929
-141
-836
-145
257
-253
-149
823
26
-839
-773
483
-252
-308
-856
415
281
971
-906
-20
-969
-696
-442
525
591
33
187
-908
851
-580
-628
-52
-327
894
784
-764
178
-557
-585
-922
-304
997
721
420
472
571
-612
951
-841
35
-671
-601
-817
-732
-570
525
-971
-446
638
101
516
999
943
231
123
803
-186
280
-570
196
659
-246
-264
836
861
434
906
497
-37
73
-470
862
-439
973
444
-789
-539
-248
666
850
-326
-376
-169
54
802
-520
180
378
381
-892
144
116
-254
856
626
-264
977
-961
6
-903
487
-570
953
-726
822
103
-904
778
-778
-5
634
-991
531
458
910
747
974
123
-941
474
421
408
761
379
-347
-48
161
817
210
-686
-957
-938
-610
231
296
-843
-45
759
-260
672
-902
604
-615
-817
254
-43
177
297
295
150
-711
6
-313
-574
34
-779
171
175
-555
-739
-486
896
-400
144
-84
-753
-253
459
-381
-531
-715
661
284
489
683
585
-295
45
373
989
414
-886
711
-45
-259
-23
-969
-59
-99
218
898
314
-345
-15
-428
-843
119
814
802
-812
282
-674
956
-423
788
128
-401
490
-445
-797
548
168
-208
133
475
-640
-42
431
-867
902
258
337
250
-719
-789
-652
-834
-20
867
828
268
-580
225
-14
286
-687
-571
-443
523
236
291
479
66
244
-296
-118
-952
-674
-474
-275
30
-473
-531
352
546
-468
575
312
903
-448
-160
749
268
-711
-456
-335
-876
825
-156
378
-847
-774
208
-523
604
688
236
605
209
-979
-553
-641
-274
304
573
-357
140
501
-52
764
-386
-124
-469
-402
236
992
144
-857
-367
129
476
-249
504
922
-584
370
149
33
287
102
-954
-328
533
-608
539
781
-577
-845
702
-320
-653
-845
445
16
-756
-39
919
790
-254
-237
283
307
585
404
898
850
-161
-110
-996
-125
-432
-259
-36
572
-592
449
-902
-430
683
-607
-789
629
602
503
853
100
-902
-17
376
-996
-120
-572
-138
-498
240
622
-28
598
-790
-667
-217
874
604
450
678
-927
512
-285
346
348
-170
428
-37
965
-648
382
608
-682
24
-625
-23
22
-109
608
-534
920
326
255
677
-183
-922
557
-590
750
730
719
213
594
95
940
-465
-152
-847
-110
563
371
-948
931
-207
-77
-237
-591
408
290
937
330
508
828
538
718
-725
221
803
-18
-874
286
95
601
913
613
220
433
234
-129
-244
973
-72
592
969
852
803
-772
871
919
-336
319
-15
188
709
557
-616
985
-660
-414
-445
591
482
-670
-339
-288
429
670
762
-931
321
-721
-449
432
290
-565
179
-591
345
-387
714
302
-944
681
-182
336
105
500
186
-408
-239
-251
321
-71
-659
791
-798
-770
-274
371
-591
284
-11
-4
-733
588
-807
770
-425
430
-561
517
-526
-484
-796
12
-971
-508
-955
113
-925
642
736
613
-102
104
-120
638
-696
-102
-917
-619
-338
75
-258
-991
443
-679
-507
528
-140
303
-581
441
144
86
43
-991
27
935
190
-87
-1000
-205
-223
139
895
-213
587
-95
-633
16
91
-569
834
-995
397
368
-570
76
-642
704
-450
-21
-72
952
528
-906
819
434
-971
508
513
-518
-283
277
-290
355
-265
211
263
691
-399
-549
-350
311
50
197
-918
-817
-606
-142
269
-644
975
974
926
676
-757
-811
91
-893
69
615
-702
-537
-202
877
673
-652
654
-830
22
151
-969
-368
-22
-125
249
-664
-758
-370
312
-763
-982
603
273
-637
680
-697
-279
579
-269
-84
990
223
144
-440
625
-57
112
-731
-303
-976
-709
509
-507
-451
602
40
180
672
629
946
973
344
-286
627
-599
-214
-226
-414
204
-965
923
-193
-553
864
963
543
395
-612
793
333
726
692
-191
-954
-364
-245
361
785
407
-986
-691
-572
979
872
-227
-327
123
-556
-898
-660
-253
-105
163
-209
912
628
-24
241
115
689
789
814
-589
-343
-373
112
922
366
-591
150
-696
-261
-335
440
745
78
-73
48
19
103
-126
-557
218
52
-739
940
666
170
-279
-452
-393
881
-514
-951
-761
-35
-893
-888
-377
-940
-788
242
-938
780
386
406
-504
782
220
121
479
88
-392
-166
297
-32
-662
390
-198
709
-957
419
-496
565
-413
-557
-493
224
929
519
828
-922
548
-776
-321
636
476
812
-726
-637
6
326
707
288
138
-484
-524
-336
830
-662
-773
23
-894
-128
-748
-96
-899
457
-676
-397
77
-134
433
-777
-495
-672
969
369
-747
207
932
-233
-45
-845
-281
155
-393
553
61
725
-521
-955
-338
455
-619
-12
-892
624
-645
617
-387
-164
-144
-250
-849
-139
-512
845
557
-399
348
205
131
-502
48
-833
344
-297
474
73
-830
298
349
835
-362
910
-345
-89
146
11
986
511
-891
-781
-122
-171
508
921
-789
127
-119
520
-300
-522
-650
-372
-423
982
-778
-491
-492
267
733
-909
-192
90
-502
855
25
-156
245
916
-59
791
360
609
70
825
837
-108
704
-407
192
-127
-435
-236
-120
786
-850
-721
809
713
-208
386
-509
-623
-457
260
-600
319
903
-943
104
-250
-515
169
-277
-574
671
521
-712
-172
-696
-280
552
972
511
-138
-180
-834
685
807
-632
-986
723
745
-1000
993
549
855
-688
-104
-991
-119
-770
490
192
-578
-627
-346
232
-238
-176
-656
-333
-950
-163
-310
-586
-366
87
526
-589
370
981
680
5
722
-370
-669
-866
-553
-982
740
-618
-293
-56
674
-51
-613
-705
-162
-385
460
-783
620
-244
189
736
463
-532
4
407
183
-126
839
-464
535
-341
756
559
-647
922
-328
110
567
-631
993
-621
-601
-44
968
-715
-915
0
-418
-946
-605
851
-200
-252
290
178
960
-682
-982
-72
-855
739
-32
20
351
-221
-418
846
-772
-4
-342
632
-745
-519
-669
726
-876
954
-933
873
-835
-266
974
-460
615
-813
732
-640
-452
176
-523
743
285
104
932
-270
71
97
102
-849
-126
-106
857
-860
-926
-991
694
81
885
-277
17
35
305
469
221
-273
-576
-823
-88
-857
-116
-858
-435
799
-687
961
-60
-252
-457
-871
559
-601
-566
837
-435
-817
95
-467
-726
-840
-664
829
729
-399
-842
-718
-435
628
-919
-341
516
-29
-860
-806
852
-111
-650
451
70
-657
-541
-693
162
460
-207
-331
-248
-642
-980
-563
424
414
-370
-684
561
-3
948
-991
997
770
504
381
-207
596
-447
123
467
-880
-421
-473
960
100
-431
-128
-315
518
899
-955
-53
575
-379
-84
-947
-397
980
47
-566
-38
-43
-699
69
-7
670
906
-446
85
424
530
-895
912
-756
956
812
-89
690
881
-540
-931
761
-563
-758
57
726
979
-360
-197
662
-307
-169
547
-468
619
-103
-549
621
610
173
-181
112
-171
-977
992
-349
-685
390
986
697
-801
-613
925
-548
-874
-708
-660
229
-554
220
-600
13
740
797
-885
82
234
-840
-392
-538
681
585
-512
43
247
41
406
172
998
-980
-158
532
509
923
203
-891
205
316
273
-916
951
394
95
435
-517
-60
-657
-923
236
100
243
359
119
289
-902
703
825
-463
-491
237
205
594
-686
196
-699
-910
341
-72
582
-910
-986
-688
-61
-676
900
-609
34
-569
-779
-948
-479
518
445
541
-262
-655
966
-358
-587
458
-29
-659
955
-440
548
756
884
475
84
170
-25
961
40
-9
-331
-264
138
409
315
2
-952
-397
-197
-220
619
-702
164
379
-280
-528
678
-693
772
-958
-925
936
999
337
-629
-778
-509
158
-84
-171
133
-735
212
-83
-552
-927
60
950
-561
-613
-396
815
478
-13
-168
575
303
-133
95
157
205
960
207
294
437
130
-305
-958
-66
276
-250
165
394
341
451
-283
-220
-962
818
130
-679
128
262
113
-950
22
997
-318
-32
-436
-46
636
-124
776
-196
-223
946
388
-402
-793
97
974
634
997
232
-516
81
549
-605
16
-54
-35
-69
608
-75
-273
678
884
-283
12
284
362
-642
-61
704
234
-867
85
920
426
-364
551
-24
759
-464
-83
-630
27
-388
-612
-131
-218
620
-563
822
672
-446
-726
-989
112
-129
437
-872
-878
221
823
920
-858
-728
483
-933
620
-824
-530
882
207
-761
-920
-156
362
364
772
88
175
-179
92
-144
-769
925
-68
-983
-689
-854
394
695
-229
-731
-394
66
-630
-889
797
408
411
398
-74
-567
-49
336
-795
3
-56
469
799
252
-904
350
37
-790
255
621
441
974
150
-958
-119
-514
-708
43
170
-1000
851
-644
-585
274
301
295
-561
-434
690
-766
-430
507
-707
875
-866
-127
509
815
-57
-626
778
44
-896
471
355
873
-541
321
-262
895
-43
-110
-423
522
-709
310
-144
671
-906
528
-817
154
18
329
-12
-662
-999
-223
439
-362
-958
-853
896
-597
-212
411
-282
-237
253
327
219
989
-24
217
-393
937
-62
474
-298
145
-462
876
255
-875
954
755
673
431
-812
99
974
-946
-869
-355
-232
-275
-80
-991
93
652
-53
947
909
301
795
773
-940
743
-567
-964
-470
148
982
482
789
-6
-657
-619
-948
-464
46
291
266
-888
567
293
-385
844
492
-205
-602
289
791
-66
-955
-378
544
-335
119
-108
415
580
92
921
-806
531
-267
415
719
122
-104
850
-514
-887
527
-329
270
830
-280
-591
55
-393
-390
-763
-406
-643
928
555
918
312
-974
152
85
-2
-798
-482
-488
-481
99
-141
-830
-803
-968
-621
984
642
34
402
-276
-693
431
883
727
599
773
-128
-268
-406
-83
-488
-827
-556
92
-899
209
500
-260
-190
832
-745
959
-393
-647
-856
-644
946
-424
264
-875
792
974
88
-845
-463
185
235
989
382
-860
-662
439
-278
129
-895
-316
130
-889
-396
-357
476
-387
862
-554
754
486
811
822
184
-136
679
202
136
627
-150
364
461
-331
-706
424
768
317
-408
-22
-777
165
651
236
443
-318
-855
-84
-993
-122
772
762
206
347
-643
448
538
11
-103
-274
-454
-147
-419
-409
-448
-15
-133
-693
841
324
-325
-914
870
-773
750
240
-945
-626
-734
623
-290
-790
733
163
683
-721
258
316
266
-260
-754
225
-57
388
582
-567
-479
-504
-645
-68
228
783
-787
-626
324
821
-617
255
796
200
426
890
-298
758
-198
975
715
187
-704
-434
440
340
-638
286
63
525
467
-452
-107
132
475
652
368
-119
152
-485
63
15
-156
901
306
737
-607
909
914
-772
354
581
649
539
572
408
943
661
195
561
452
-879
-838
659
-996
-618
-747
-118
509
368
743
-753
-622
-560
739
859
39
124
-749
-69
87
897
70
430
639
363
496
106
470
-886
-994
-238
-529
-401
908
547
4
301
-969
102
-285
-448
-446
-630
370
-709
-14
873
262
63
-604
271
777
-405
-52
31
656
252
-210
994
530
-323
372
667
-709
-60
253
59
853
-497
462
-146
863
-691
-535
-255
-47
-676
816
-249
-948
818
-467
-692
-648
721
297
959
481
-639
-509
462
-556
-114
177
112
-101
691
62
-895
324
-833
-490
-259
639
75
-332
-704
-144
859
-228
364
302
-785
-316
-520
993
-766
739
848
-292
-593
947
967
345
841
-377
1000
-909
959
-488
655
5
-966
-547
430
-456
848
-333
10
617
775
711
-358
-287
645
181
291
-310
-344
207
-606
-256
671
-183
27
-822
-797
-779
293
477
413
92
743
296
408
883
650
-108
-812
-722
937
-413
-483
801
582
805
-942
-332
306
250
72
949
360
-191
-6
76
223
703
-799
798
-984
-521
-712
-399
465
406
153
-299
-808
-193
-781
632
187
934
-909
522
238
902
969
-897
-850
291
129
522
-433
935
781
9
-803
489
620
-512
261
-667
379
155
-20
360
699
-878
912
-772
-372
169
937
-369
-934
-331
-269
-852
-546
-243
-484
243
-965
-201
903
-36
1000
215
-344
921
811
-257
-825
-915
-958
180
510
995
34
-324
724
-94
-336
645
-579
-530
575
-653
245
497
153
-788
-846
-652
-436
964
312
-445
-822
-397
-634
-807
685
-676
974
-404
-799
414
336
-41
-286
-799
-393
-598
-865
-874
941
-947
310
-25
-979
-287
-734
-637
882
-339
49
-487
-195
176
412
-603
-841
-685
719
-694
931
-462
-664
-91
807
-286
854
853
605
-907
419
993
-144
-206
527
-716
-630
-624
-440
418
574
51
387
256
-543
109
353
-867
930
107
949
78
387
-605
495
28
331
-467
131
-907
820
167
448
-65
-407
-80
-955
317
659
-123
359
896
-830
197
39
-686
-598
-552
-781
659
-370
-798
977
-664
742
-535
282
447
378
-496
-213
-298
-582
-377
722
-41
638
471
-753
-570
321
-581
-447
-371
677
593
25
122
-162
101
-208
135
-720
-954
-36
96
-541
-141
871
-844
-518
525
-375
-231
-369
277
-698
-620
539
-702
76
292
-150
19
-406
-236
155
542
931
-576
-976
-215
-589
35
961
899
636
680
65
498
993
456
-759
307
-990
-302
748
751
813
830
-91
-933
38
-117
805
-495
-504
757
-267
163
903
-718
-716
34
-16
-857
815
829
-721
727
148
-884
-56
961
312
-625
872
-797
122
-515
439
-752
423
-745
-799
497
803
-481
836
379
602
386
-350
-933
-997
192
-24
560
46
-280
-255
-816
-643
-737
-418
-405
417
-936
-301
-687
-828
730
-71
-110
816
150
-802
-260
-472
-487
-248
712
-987
955
446
-538
629
-587
417
-306
926
-731
-554
317
-592
297
328
-401
339
-475
-454
368
-624
547
-406
323
888
856
-778
531
724
755
948
150
282
422
124
464
672
670
901
270
782
-16
-643
-301
76
-609
-837
525
-76
-283
29
19
276
813
309
425
-499
-716
30
-901
198
322
-315
-598
787
158
-919
-618
-296
743
-421
322
8
-815
17
216
-801
-471
-366
234
82
-584
325
-766
-525
-785
-492
389
580
166
-60
990
-181
-895
-208
-512
-35
341
-723
839
362
225
-827
199
61
-994
-477
69
678
-491
-151
905
783
-793
-824
290
641
-746
-810
720
-889
-962
834
-942
-479
-190
-343
-259
322
-35
234
766
-658
-476
961
562
-543
393
-460
770
476
-59
478
-976
-940
490
885
777
-500
244
-83
233
-857
254
155
-527
-703
951
232
-196
-580
835
-965
413
-595
861
783
383
-221
-897
-708
-857
620
-752
753
-605
-989
-525
-684
-403
-153
-691
813
59
-211
977
911
-285
-795
857
-969
-364
-112
-433
330
336
-626
264
-954
949
-332
-292
-433
-673
-803
-337
471
-869
-205
-813
-100
967
-465
-613
-439
-361
-777
-816
-332
578
-635
-332
132
-493
-584
-407
325
409
134
-420
718
-143
830
-409
716
771
359
-765
-11
-342
-369
-537
-375
414
479
-770
413
728
681
-333
561
167
-42
-660
173
-1
757
-845
794
-185
633
465
-673
-982
33
949
650
235
319
-177
227
714
-196
952
-954
779
660
-601
178
-608
463
25
-720
-99
-772
-362
355
7
-276
-691
-930
-950
-120
388
967
657
-892
788
845
-203
-648
-900
670
351
661
-888
279
213
118
272
230
13
-70
675
-916
512
-516
140
443
739
-804
-78
53
-74
950
631
291
-694
949
930
338
842
-202
551
-640
933
-392
222
-1000
183
958
34
506
-721
-493
843
793
41
-905
238
764
-286
-887
-327
200
-439
976
288
517
-184
-491
7
-270
70
57
-528
908
-865
-881
-636
452
-534
-656
688
-498
198
681
568
784
-154
493
-865
206
766
477
57
-468
391
-843
266
-575
-653
-191
-533
-817
-506
593
975
483
-53
727
441
-563
154
-491
45
283
84
1
702
-996
596
173
-152
222
39
-648
-622
-364
161
754
-716
-643
-629
-73
-433
422
439
-70
-20
-182
671
-974
161
322
-352
-257
-268
469
568
-922
911
960
270
691
-796
826
-9
867
754
-342
-68
-913
-126
-782
-325
-993
-622
735
-460
659
-778
-792
919
-322
49
-967
664
399
-814
247
-409
588
-330
-282
162
668
-154
593
-608
-790
114
308
75
-456
380
477
357
-744
785
972
750
-572
-749
-487
618
-598
442
-937
-771
-106
-342
366
-591
267
271
-89
879
785
227
664
-676
-364
202
-144
273
-428
960
-841
-173
-59
481
-455
-672
954
425
151
7
-17
489
-536
685
707
211
137
588
915
815
-267
338
-214
612
740
-818
458
573
139
-476
681
-420
-138
809
-609
-25
430
-149
10
917
-895
-363
266
150
853
-317
-621
-280
-567
6
392
215
941
-229
481
-920
-916
676
-946
-407
552
136
443
25
-263
338
-999
-412
-836
205
-565
711
923
372
161
201
-594
190
516
875
692
857
-377
200
852
-279
-263
-476
526
-178
-135
445
56
-268
495
-112
502
-239
-774
455
848
-410
130
-396
710
-612
638
226
866
-518
782
173
910
644
596
-692
348
44
487
-354
451
955
392
-881
-829
-756
533
575
438
741
-416
519
143
519
-942
-793
137
174
-269
627
534
152
908
-71
-352
-816
360
894
-127
-91
-274
962
814
719
-801
423
-16
921
318
-694
386
-751
657
541
-725
815
-753
943
-562
531
536
613
-723
100
-317
269
-969
608
-975
-882
-566
-204
511
801
127
72
-83
-27
140
320
-327
-886
-249
-427
85
89
32
-384
-217
45
-593
573
-788
208
-477
543
-36
-870
-255
-645
-232
962
599
-501
-40
303
-533
285
-768
198
850
314
484
842
501
310
576
-452
-237
-627
-183
-438
-596
727
981
250
-737
8
666
263
-962
183
825
212
500
124
-743
424
475
939
900
343
885
-915
697
-855
-836
369
-103
115
-618
-154
564
353
-652
-271
125
386
51
336
768
-770
722
156
-507
-529
-170
90
-353
-73
-650
-72
-267
462
579
133
323
496
836
976
879
-204
-637
112
-702
-911
-279
634
-8
-921
-999
680
-689
-592
-832
655
137
154
847
-874
436
-606
859
-537
-390
-578
-171
264
-565
-827
-833
-336
-585
-588
-256
556
-641
258
-429
804
989
-398
793
-496
-600
-15
-686
-630
179
488
-633
279
994
-787
326
61
-530
905
96
-399
168
-727
378
284
461
599
125
880
147
155
504
-86
588
42
-335
588
202
-40
660
308
107
-488
775
-99
753
-409
-359
557
-684
-598
401
-422
720
702
-753
994
34
-201
-331
93
-875
892
690
-45
-677
-702
-577
-981
944
147
-737
-216
-529
-922
11
-338
-794
541
-743
93
214
220
-672
942
-650
-822
-884
268
-785
272
-900
523
-180
388
863
-774
790
-919
-569
-797
919
-830
-250
428
882
-148
-416
545
-86
-107
187
129
290
-526
-976
-250
383
235
-108
892
148
90
708
-195
-181
381
318
344
-353
-85
619
855
-520
-530
-694
-819
13
-691
-437
840
494
-712
7
434
734
96
-800
-624
203
-786
41
-36
38
135
340
890
775
417
914
232
-384
-864
-524
-999
45
-706
-321
-700
-398
-260
-423
155
628
180
857
-910
-201
-171
-873
503
-743
-725
592
895
-848
102
-590
40
399
-145
-932
131
-520
895
56
-17
93
709
-820
349
-551
247
823
-593
61
-166
-562
494
800
-773
-361
-873
57
-615
-863
-593
822
501
895
829
468
-131
-232
-410
-914
150
-26
-547
-837
-414
685
209
415
744
54
830
601
-671
-984
-649
113
-341
-867
559
-826
328
-168
-463
-560
652
-672
145
821
-557
556
476
-658
678
410
377
862
-384
-374
-929
425
-43
-409
-36
116
-443
-584
683
-821
-697
-431
-581
-755
696
-606
-367
463
689
814
187
-644
-625
-461
963
220
-938
102
-969
854
299
4
-560
465
-573
-685
-333
540
-780
-973
-178
502
-846
470
-359
968
897
-897
355
408
-444
-988
468
41
275
-609
-461
754
706
-644
-992
870
948
380
133
585
-493
670
107
-134
837
803
412
-356
-984
918
473
-901
-852
802
676
855
-987
-851
-189
899
565
-658
-993
-963
-183
36
-791
700
687
-124
279
-105
-641
662
765
152
734
254
412
-765
-492
-439
473
466
-515
894
-118
448
-369
13
356
18
479
-811
481
232
-580
-430
-150
199
456
180
-681
572
963
-141
434
-483
-949
-540
90
964
58
610
-488
-48
-251
347
-429
893
792
-48
-449
-450
65
-711
-615
558
-648
951
459
-717
-997
-461
-990
-149
-895
394
-781
145
-255
-941
31
-418
911
-165
775
504
-403
691
-346
957
693
881
158
-292
-817
563
-539
-702
263
729
-125
-69
895
766
-584
32
-610
-41
542
278
581
254
-872
907
-881
571
759
-867
499
17
354
471
341
273
252
769
-495
494
758
801
-388
-979
253
185
504
-768
919
478
232
-188
-871
224
-864
807
591
-187
553
-285
-729
914
-263
982
207
327
-443
-834
-780
-932
517
-874
-360
472
-325
-493
-944
149
18
875
209
-390
858
772
-972
354
804
-955
-63
243
-109
-273
-565
978
405
803
60
483
976
162
-237
-990
-485
-932
784
785
-463
-574
-936
-11
-560
192
291
918
-695
-781
-407
-902
786
-141
-1000
-803
627
629
-316
526
-592
-743
-926
-45
42
-578
-108
-944
-390
-509
-823
-729
-902
-418
367
-66
581
246
481
950
429
-903
-508
953
98
699
-75
742
-935
4
-235
816
-532
690
724
825
-987
671
932
-267
-277
127
123
530
-931
339
366
276
-933
659
410
-683
-108
-86
707
474
-429
-420
-830
3
325
-999
737
-828
-885
4
793
235
963
-804
-481
-371
590
-729
-766
218
974
-373
-222
-632
337
-384
19
696
172
737
531
282
-156
-923
-496
-828
334
328
972
981
695
668
-620
390
-229
-150
-395
-606
758
-217
437
-944
-852
937
631
-372
-361
-132
-437
822
559
198
-431
-942
-629
333
10
-499
-164
258
152
-314
362
711
898
560
135
-958
451
-257
587
-919
-30
830
743
-680
263
-466
39
726
-392
493
-847
491
-260
-453
420
-955
83
-695
388
625
-725
803
87
726
66
-926
-436
750
632
