63
3 2 0 0
1 3 44 59
3 1 0 0
2 1 52 7
4 1 0 0
1 1 61 5
1 1 1 43
1 1 0 0
1 1 0 0
3 3 0 0
2 2 46 23
1 1 0 0
1 1 62 58
1 2 19 32
1 1 0 0
3 1 0 0
3 1 0 0
1 1 20 10
1 1 0 0
1 1 0 0
1 1 0 0
2 4 54 4
1 1 63 56
1 3 0 0
4 1 0 0
2 1 30 17
3 2 24 50
1 1 0 0
1 1 0 0
1 3 0 0
1 3 0 0
1 2 0 0
1 3 14 6
1 1 39 21
1 1 18 27
1 1 40 49
1 1 28 55
1 1 11 13
3 1 0 0
1 1 0 0
3 1 0 0
2 1 0 0
1 3 0 0
1 1 0 0
2 1 29 8
1 2 2 26
2 2 35 33
1 4 9 41
1 1 0 0
1 2 0 0
3 1 47 22
2 2 42 3
1 1 0 0
2 1 48 36
2 1 0 0
1 1 15 31
2 2 53 16
1 1 34 57
1 4 0 0
1 1 51 38
1 1 0 0
2 3 45 37
1 1 12 25
