100
2000
62 34
34 94
34 30
94 30
34 64
30 64
62 69
34 69
64 69
94 100
30 100
64 100
69 100
62 52
34 52
94 52
64 52
69 52
100 52
62 81
34 81
30 81
100 81
52 81
62 95
34 95
94 95
69 95
100 95
81 95
30 27
64 27
69 27
81 27
95 27
62 91
69 91
52 91
27 91
34 45
100 45
91 45
34 48
69 48
100 48
52 48
27 48
45 48
94 14
30 14
95 14
27 14
45 14
48 14
94 83
14 83
62 18
34 18
69 18
95 18
91 18
45 18
83 18
62 10
94 10
30 10
69 10
95 10
27 10
91 10
45 10
48 10
14 10
83 10
18 10
30 5
69 5
81 5
91 5
45 5
48 5
14 5
83 5
18 5
10 5
34 43
94 43
52 43
81 43
95 43
91 43
45 43
48 43
5 43
64 41
69 41
81 41
91 41
48 41
83 41
43 41
100 77
27 77
91 77
83 77
43 77
41 77
62 99
64 99
52 99
91 99
48 99
83 99
10 99
43 99
77 99
62 39
34 39
94 39
69 39
52 39
81 39
95 39
45 39
48 39
14 39
18 39
5 39
99 39
69 20
27 20
91 20
45 20
48 20
41 20
39 20
62 13
34 13
94 13
30 13
64 13
81 13
27 13
91 13
48 13
83 13
77 13
20 13
95 37
83 37
10 37
5 37
43 37
41 37
77 37
13 37
52 11
81 11
91 11
45 11
10 11
43 11
41 11
99 11
39 11
20 11
37 11
52 33
81 33
27 33
45 33
5 33
43 33
99 33
13 33
37 33
11 33
62 53
94 53
30 53
100 53
52 53
14 53
77 53
39 53
20 53
13 53
11 53
33 53
34 32
64 32
100 32
45 32
48 32
83 32
99 32
39 32
37 32
53 32
34 12
69 12
100 12
27 12
91 12
45 12
48 12
18 12
10 12
5 12
77 12
39 12
37 12
11 12
32 12
62 16
34 16
94 16
30 16
69 16
95 16
48 16
10 16
43 16
77 16
11 16
12 16
34 73
30 73
52 73
95 73
45 73
41 73
77 73
99 73
37 73
11 73
53 73
32 73
12 73
16 73
62 76
94 76
100 76
81 76
95 76
27 76
14 76
5 76
39 76
13 76
37 76
33 76
32 76
73 76
62 85
34 85
100 85
27 85
45 85
5 85
43 85
99 85
13 85
11 85
16 85
76 85
64 31
81 31
95 31
91 31
14 31
18 31
43 31
77 31
99 31
13 31
11 31
53 31
16 31
85 31
94 68
64 68
69 68
100 68
81 68
95 68
10 68
43 68
41 68
77 68
39 68
20 68
13 68
73 68
31 68
62 74
81 74
45 74
14 74
83 74
41 74
77 74
99 74
20 74
13 74
37 74
33 74
12 74
76 74
85 74
31 74
68 74
94 9
52 9
81 9
27 9
48 9
14 9
83 9
18 9
10 9
43 9
77 9
53 9
68 9
74 9
30 21
69 21
100 21
27 21
10 21
77 21
13 21
11 21
33 21
32 21
74 21
9 21
62 58
64 58
45 58
18 58
10 58
41 58
20 58
13 58
11 58
53 58
12 58
74 58
21 58
69 2
52 2
81 2
95 2
91 2
48 2
43 2
39 2
37 2
32 2
85 2
31 2
68 2
9 2
58 2
64 71
100 71
95 71
91 71
83 71
10 71
77 71
39 71
20 71
11 71
33 71
53 71
32 71
73 71
85 71
74 71
9 71
58 71
2 71
30 51
64 51
81 51
95 51
91 51
83 51
18 51
11 51
53 51
12 51
85 51
31 51
74 51
9 51
58 51
71 51
62 4
94 4
64 4
100 4
27 4
45 4
48 4
83 4
10 4
77 4
99 4
39 4
13 4
37 4
33 4
53 4
73 4
76 4
31 4
68 4
9 4
2 4
51 4
95 89
27 89
45 89
14 89
83 89
43 89
99 89
39 89
20 89
13 89
37 89
11 89
53 89
12 89
73 89
31 89
71 89
51 89
4 89
64 88
100 88
52 88
27 88
45 88
48 88
5 88
20 88
37 88
33 88
32 88
16 88
73 88
85 88
74 88
89 88
62 36
94 36
30 36
64 36
52 36
81 36
91 36
83 36
18 36
5 36
43 36
41 36
99 36
13 36
53 36
12 36
16 36
73 36
76 36
9 36
21 36
2 36
51 36
4 36
89 36
88 36
62 25
100 25
52 25
95 25
43 25
39 25
20 25
33 25
53 25
16 25
76 25
85 25
2 25
71 25
51 25
89 25
36 25
34 66
30 66
69 66
52 66
81 66
95 66
48 66
14 66
18 66
43 66
41 66
99 66
20 66
32 66
73 66
76 66
31 66
21 66
71 66
51 66
4 66
25 66
34 86
94 86
64 86
27 86
14 86
83 86
18 86
10 86
5 86
43 86
99 86
13 86
33 86
73 86
76 86
68 86
21 86
58 86
71 86
66 86
62 23
69 23
81 23
95 23
48 23
5 23
39 23
13 23
16 23
76 23
68 23
74 23
21 23
51 23
25 23
86 23
30 70
69 70
95 70
27 70
18 70
99 70
39 70
37 70
32 70
12 70
68 70
71 70
4 70
88 70
66 70
23 70
34 97
30 97
64 97
69 97
100 97
52 97
81 97
27 97
45 97
48 97
43 97
39 97
11 97
12 97
16 97
85 97
71 97
36 97
25 97
86 97
23 97
70 97
64 87
81 87
91 87
45 87
39 87
37 87
33 87
16 87
4 87
36 87
66 87
86 87
97 87
62 84
94 84
30 84
69 84
100 84
52 84
95 84
45 84
14 84
83 84
43 84
77 84
37 84
33 84
16 84
73 84
9 84
71 84
89 84
88 84
36 84
25 84
66 84
23 84
97 84
87 84
94 80
64 80
81 80
95 80
91 80
45 80
48 80
83 80
41 80
13 80
33 80
53 80
73 80
76 80
68 80
58 80
2 80
4 80
88 80
36 80
25 80
66 80
87 80
84 80
94 67
100 67
52 67
95 67
27 67
48 67
14 67
83 67
5 67
43 67
77 67
39 67
13 67
12 67
73 67
76 67
21 67
51 67
36 67
70 67
87 67
80 67
62 8
34 8
30 8
69 8
100 8
81 8
27 8
91 8
10 8
41 8
77 8
20 8
13 8
37 8
76 8
21 8
2 8
71 8
36 8
25 8
66 8
70 8
97 8
84 8
67 8
62 7
94 7
69 7
100 7
81 7
91 7
48 7
18 7
10 7
5 7
43 7
41 7
99 7
39 7
13 7
76 7
68 7
58 7
51 7
36 7
66 7
86 7
23 7
70 7
87 7
80 7
67 7
8 7
94 35
64 35
100 35
95 35
27 35
14 35
18 35
10 35
77 35
39 35
33 35
32 35
85 35
31 35
68 35
9 35
2 35
51 35
4 35
36 35
66 35
86 35
70 35
97 35
84 35
67 35
8 35
7 35
34 96
100 96
52 96
81 96
45 96
48 96
14 96
18 96
77 96
39 96
11 96
32 96
76 96
85 96
74 96
9 96
2 96
51 96
88 96
36 96
70 96
97 96
84 96
80 96
67 96
35 96
62 78
69 78
27 78
91 78
14 78
83 78
10 78
77 78
39 78
13 78
37 78
16 78
76 78
85 78
31 78
68 78
21 78
58 78
2 78
51 78
25 78
86 78
23 78
70 78
8 78
96 78
62 59
94 59
64 59
100 59
52 59
81 59
45 59
18 59
10 59
43 59
41 59
77 59
99 59
37 59
32 59
12 59
73 59
76 59
68 59
21 59
88 59
25 59
66 59
70 59
80 59
7 59
78 59
62 3
30 3
100 3
52 3
91 3
45 3
83 3
18 3
10 3
77 3
11 3
33 3
16 3
9 3
2 3
88 3
25 3
23 3
87 3
8 3
7 3
96 3
78 3
59 3
69 42
81 42
95 42
48 42
14 42
83 42
18 42
10 42
5 42
41 42
39 42
20 42
33 42
85 42
68 42
21 42
71 42
4 42
36 42
25 42
66 42
86 42
23 42
7 42
96 42
59 42
3 42
34 92
94 92
27 92
91 92
48 92
14 92
43 92
77 92
39 92
11 92
33 92
32 92
85 92
9 92
58 92
71 92
4 92
89 92
36 92
25 92
66 92
86 92
23 92
97 92
84 92
80 92
35 92
96 92
3 92
42 92
62 49
64 49
69 49
52 49
27 49
91 49
83 49
13 49
53 49
12 49
85 49
68 49
74 49
21 49
51 49
4 49
66 49
86 49
87 49
80 49
8 49
35 49
96 49
78 49
3 49
92 49
62 40
94 40
100 40
81 40
83 40
18 40
41 40
20 40
32 40
76 40
68 40
2 40
88 40
86 40
23 40
70 40
84 40
80 40
67 40
35 40
59 40
42 40
49 40
34 1
69 1
95 1
27 1
45 1
48 1
14 1
5 1
41 1
77 1
99 1
11 1
12 1
16 1
85 1
68 1
74 1
21 1
89 1
25 1
66 1
70 1
84 1
80 1
67 1
35 1
96 1
3 1
49 1
40 1
30 28
69 28
100 28
91 28
83 28
5 28
43 28
77 28
33 28
53 28
32 28
73 28
85 28
58 28
2 28
71 28
51 28
89 28
25 28
66 28
70 28
87 28
8 28
35 28
96 28
78 28
59 28
3 28
92 28
1 28
69 63
27 63
45 63
48 63
99 63
39 63
37 63
11 63
33 63
53 63
73 63
74 63
9 63
58 63
71 63
36 63
66 63
86 63
23 63
70 63
97 63
84 63
80 63
67 63
35 63
78 63
59 63
40 63
1 63
28 63
62 26
34 26
100 26
52 26
81 26
95 26
27 26
77 26
13 26
37 26
53 26
32 26
16 26
31 26
21 26
58 26
4 26
88 26
25 26
23 26
70 26
87 26
84 26
80 26
35 26
96 26
42 26
92 26
1 26
28 26
63 26
34 54
94 54
64 54
52 54
95 54
27 54
91 54
83 54
18 54
13 54
12 54
16 54
73 54
31 54
9 54
71 54
80 54
8 54
3 54
42 54
92 54
40 54
1 54
63 54
26 54
34 79
64 79
100 79
95 79
27 79
91 79
18 79
5 79
13 79
37 79
53 79
12 79
16 79
73 79
9 79
21 79
89 79
25 79
86 79
80 79
8 79
78 79
54 79
30 55
69 55
100 55
95 55
27 55
14 55
5 55
99 55
39 55
13 55
37 55
33 55
53 55
32 55
68 55
9 55
58 55
4 55
89 55
88 55
25 55
86 55
23 55
97 55
87 55
84 55
8 55
78 55
92 55
79 55
94 17
64 17
81 17
27 17
14 17
5 17
43 17
77 17
39 17
13 17
32 17
12 17
16 17
73 17
76 17
85 17
31 17
68 17
74 17
21 17
71 17
4 17
88 17
36 17
86 17
70 17
87 17
80 17
67 17
35 17
42 17
92 17
49 17
63 17
54 17
79 17
55 17
34 82
69 82
100 82
52 82
81 82
27 82
48 82
14 82
20 82
13 82
12 82
76 82
2 82
71 82
51 82
36 82
25 82
66 82
70 82
67 82
35 82
78 82
59 82
42 82
40 82
28 82
63 82
55 82
17 82
94 72
69 72
100 72
52 72
81 72
95 72
43 72
41 72
39 72
13 72
11 72
33 72
12 72
31 72
74 72
9 72
58 72
71 72
86 72
23 72
70 72
87 72
84 72
67 72
59 72
92 72
40 72
26 72
79 72
55 72
17 72
82 72
62 29
94 29
52 29
81 29
27 29
77 29
20 29
11 29
33 29
16 29
73 29
76 29
31 29
74 29
9 29
2 29
51 29
25 29
66 29
80 29
8 29
7 29
35 29
92 29
40 29
17 29
72 29
64 60
69 60
52 60
81 60
27 60
91 60
45 60
14 60
83 60
18 60
10 60
5 60
41 60
39 60
11 60
33 60
32 60
85 60
31 60
58 60
89 60
36 60
86 60
23 60
97 60
87 60
84 60
67 60
92 60
49 60
40 60
1 60
28 60
26 60
17 60
29 60
62 65
34 65
69 65
100 65
81 65
45 65
5 65
77 65
20 65
37 65
33 65
53 65
32 65
68 65
9 65
21 65
71 65
66 65
23 65
84 65
8 65
7 65
78 65
3 65
42 65
49 65
1 65
28 65
79 65
82 65
72 65
60 65
94 93
64 93
69 93
100 93
52 93
95 93
48 93
14 93
83 93
18 93
10 93
41 93
77 93
39 93
11 93
33 93
53 93
31 93
68 93
74 93
58 93
2 93
71 93
51 93
88 93
36 93
86 93
87 93
80 93
67 93
7 93
59 93
3 93
28 93
54 93
79 93
17 93
82 93
65 93
34 38
64 38
91 38
14 38
83 38
18 38
43 38
77 38
99 38
37 38
33 38
12 38
76 38
85 38
31 38
89 38
66 38
86 38
78 38
3 38
49 38
40 38
63 38
54 38
72 38
93 38
62 90
30 90
100 90
52 90
81 90
95 90
91 90
45 90
83 90
18 90
41 90
99 90
20 90
53 90
31 90
68 90
58 90
2 90
4 90
88 90
25 90
86 90
23 90
87 90
80 90
8 90
96 90
3 90
92 90
49 90
40 90
1 90
26 90
54 90
55 90
65 90
93 90
38 90
62 98
27 98
91 98
14 98
83 98
10 98
5 98
43 98
41 98
99 98
13 98
37 98
11 98
33 98
76 98
85 98
68 98
74 98
9 98
58 98
71 98
88 98
36 98
25 98
66 98
86 98
23 98
84 98
80 98
67 98
7 98
26 98
55 98
17 98
72 98
38 98
90 98
34 6
64 6
27 6
18 6
10 6
43 6
77 6
39 6
20 6
13 6
33 6
31 6
68 6
74 6
9 6
71 6
4 6
36 6
86 6
23 6
80 6
67 6
8 6
7 6
59 6
3 6
92 6
40 6
54 6
82 6
72 6
29 6
38 6
98 6
34 61
100 61
52 61
48 61
99 61
12 61
73 61
68 61
2 61
89 61
88 61
25 61
66 61
70 61
97 61
80 61
8 61
7 61
35 61
96 61
59 61
3 61
42 61
49 61
1 61
28 61
26 61
17 61
72 61
38 61
6 61
62 44
34 44
30 44
64 44
95 44
91 44
45 44
48 44
5 44
99 44
13 44
11 44
33 44
73 44
31 44
68 44
51 44
4 44
25 44
86 44
70 44
87 44
80 44
59 44
3 44
42 44
54 44
55 44
17 44
82 44
60 44
65 44
93 44
98 44
61 44
94 19
52 19
81 19
91 19
83 19
5 19
99 19
39 19
20 19
37 19
11 19
53 19
12 19
16 19
9 19
21 19
25 19
23 19
70 19
97 19
87 19
80 19
67 19
8 19
7 19
96 19
49 19
54 19
55 19
29 19
60 19
93 19
90 19
98 19
61 19
44 19
62 56
34 56
69 56
100 56
95 56
48 56
83 56
18 56
10 56
41 56
99 56
39 56
32 56
76 56
85 56
58 56
4 56
23 56
97 56
80 56
67 56
7 56
35 56
78 56
3 56
42 56
92 56
40 56
28 56
26 56
79 56
60 56
90 56
44 56
19 56
34 50
30 50
64 50
52 50
81 50
91 50
48 50
18 50
43 50
77 50
99 50
53 50
12 50
76 50
85 50
74 50
2 50
4 50
89 50
88 50
97 50
87 50
80 50
67 50
8 50
7 50
35 50
42 50
92 50
49 50
28 50
63 50
26 50
54 50
79 50
82 50
72 50
29 50
19 50
56 50
30 57
81 57
95 57
27 57
91 57
45 57
14 57
18 57
10 57
41 57
39 57
20 57
37 57
11 57
85 57
31 57
51 57
88 57
36 57
86 57
23 57
70 57
97 57
87 57
84 57
80 57
8 57
7 57
59 57
55 57
82 57
93 57
6 57
19 57
50 57
62 15
34 15
94 15
30 15
69 15
45 15
48 15
5 15
43 15
77 15
39 15
33 15
32 15
76 15
85 15
31 15
58 15
71 15
51 15
88 15
36 15
23 15
67 15
8 15
7 15
96 15
78 15
3 15
49 15
40 15
79 15
17 15
98 15
6 15
61 15
19 15
56 15
57 15
34 46
100 46
27 46
91 46
83 46
5 46
43 46
20 46
13 46
53 46
32 46
12 46
16 46
68 46
71 46
36 46
25 46
66 46
87 46
84 46
80 46
67 46
8 46
35 46
78 46
59 46
42 46
40 46
1 46
28 46
63 46
26 46
54 46
79 46
55 46
72 46
29 46
60 46
38 46
98 46
56 46
57 46
15 46
69 47
100 47
27 47
48 47
5 47
43 47
41 47
99 47
20 47
37 47
33 47
53 47
32 47
85 47
31 47
68 47
74 47
58 47
2 47
88 47
70 47
87 47
84 47
80 47
8 47
59 47
92 47
40 47
28 47
26 47
79 47
60 47
65 47
93 47
98 47
19 47
50 47
15 47
46 47
34 22
14 22
83 22
18 22
5 22
77 22
20 22
13 22
37 22
53 22
12 22
73 22
85 22
31 22
68 22
74 22
21 22
4 22
36 22
66 22
87 22
84 22
80 22
7 22
96 22
78 22
3 22
92 22
63 22
26 22
54 22
79 22
55 22
82 22
72 22
60 22
65 22
93 22
90 22
6 22
56 22
57 22
15 22
47 22
62 75
94 75
64 75
95 75
91 75
45 75
18 75
41 75
39 75
20 75
13 75
33 75
53 75
12 75
31 75
21 75
71 75
51 75
4 75
88 75
36 75
66 75
86 75
23 75
67 75
8 75
59 75
42 75
28 75
26 75
17 75
29 75
60 75
38 75
98 75
61 75
44 75
56 75
50 75
57 75
47 75
22 75
62 24
30 24
64 24
100 24
52 24
81 24
91 24
14 24
10 24
5 24
43 24
41 24
39 24
11 24
16 24
76 24
68 24
9 24
21 24
2 24
4 24
36 24
25 24
66 24
23 24
70 24
87 24
84 24
80 24
96 24
59 24
42 24
55 24
82 24
60 24
38 24
61 24
44 24
19 24
57 24
46 24
22 24
75 24
