500 50
-71
94
97
78
39
-78
35
-98
85
74
-66
63
60
-96
37
8
-19
-66
-50
93
-57
-71
-59
-65
-60
48
9
11
25
-9
-35
44
60
-17
14
83
6
-85
50
43
22
86
-36
0
-83
56
-13
8
21
79
-53
-75
21
3
75
37
28
98
49
-57
26
-68
86
-88
-37
-65
-7
-49
33
-34
-27
9
12
-70
-95
-33
5
-31
94
11
52
63
1
65
-41
-39
-38
61
8
90
-3
-65
92
-42
-79
-71
-57
94
55
71
16
44
-50
21
55
67
36
-25
-64
54
-18
-14
14
-93
97
-1
-58
-100
-40
-23
20
60
0
1
25
-96
14
-83
-18
-43
-48
31
27
-29
-44
0
28
-94
-33
41
-94
-27
-90
7
-67
-9
-46
22
-66
-26
63
64
82
0
-67
-38
14
65
-62
5
-55
-20
-30
30
-76
31
-2
-23
92
20
42
-9
93
48
-32
57
-86
45
24
37
84
-8
92
-97
96
56
4
46
25
-15
99
27
-21
-25
-78
73
-55
-40
-87
89
88
-68
-69
56
53
53
77
23
-55
-40
85
-52
-82
18
99
-15
42
-68
-49
87
6
71
-69
-78
-89
-90
-43
-30
-92
-48
-29
-24
-62
-75
41
71
-76
22
-12
99
93
-17
49
72
-53
-25
-30
-97
-15
90
46
-76
87
-17
-97
-60
49
-92
-49
-63
14
57
73
-10
48
38
-94
80
30
44
86
-15
-94
-86
-38
-75
62
42
22
-38
70
-57
88
6
-21
39
-84
34
-16
51
-87
-3
43
-20
-51
-17
-99
64
-5
-67
71
64
-18
88
17
-86
-3
37
-67
51
1
-31
-78
67
9
-17
-25
11
98
63
-14
-26
-15
-20
-42
86
-36
-82
66
-46
-97
87
-72
84
-75
-80
-64
97
60
-62
15
94
87
37
48
-12
75
-86
-52
-71
9
-9
8
70
36
-79
-98
-10
-90
62
-11
15
-38
0
68
-40
-8
-99
58
-69
-12
-34
-59
-83
89
-13
37
-8
79
66
-47
80
44
94
84
89
71
62
2
-30
14
-12
-2
-90
32
-56
-67
7
90
-44
55
47
-50
68
-72
-77
47
-53
-42
-80
-52
-92
25
4
26
-54
-72
-65
23
49
-37
-45
-68
-23
-95
59
-97
-8
-47
-4
-43
-84
83
27
45
-7
-27
-28
34
-52
-38
-29
-60
-81
-18
-100
11
36
-63
71
-44
-62
73
-67
-48
14
2
37
-100
26
-65
-49
-33
-81
-21
11
-96
100
53
-22
-46
-68
81
97
44
-17
23
24
84
-49
-12
-87
70
-10
0
-51
-6
-7
60
-25
78
-70
67
-42
-80
10
62
94
91
-50
