100
1 1 66 29
1 1 18 3
1 1 0 27
1 1 0 0
1 1 0 52
1 1 47 2
1 1 0 39
1 1 0 91
1 1 0 0
1 1 0 0
1 1 70 63
1 1 0 0
1 1 0 0
1 1 40 48
1 1 28 14
1 1 69 8
1 1 12 5
1 1 0 0
1 1 49 0
1 1 4 0
1 1 0 20
1 1 61 0
1 1 0 77
1 1 0 0
1 1 41 0
1 1 0 0
1 1 53 37
1 1 59 81
1 1 45 99
1 1 0 0
1 1 33 100
1 1 68 0
1 1 23 92
1 1 0 96
1 1 36 57
1 1 22 50
1 1 0 0
1 1 0 65
1 1 0 0
1 1 97 6
1 1 0 0
1 1 44 0
1 1 25 7
1 1 62 0
1 1 82 0
1 1 0 94
1 1 87 54
1 1 0 31
1 1 0 46
1 1 98 17
1 1 0 55
1 1 72 0
1 1 0 0
1 1 35 74
1 1 0 30
1 1 90 42
1 1 21 0
1 1 0 83
1 1 11 60
1 1 56 67
1 1 0 0
1 1 26 0
1 1 0 0
1 1 0 71
1 1 0 0
1 1 78 0
1 1 95 75
1 1 0 0
1 1 0 10
1 1 86 16
1 1 0 0
1 1 0 0
1 1 0 0
1 1 0 84
1 1 38 0
1 1 85 79
1 1 0 0
1 1 0 0
1 1 13 0
1 1 0 0
1 1 64 58
1 1 0 0
1 1 0 0
1 1 0 0
1 1 15 73
1 1 0 0
1 1 24 1
1 1 0 0
1 1 0 0
1 1 51 0
1 1 0 0
1 1 0 0
1 1 89 43
1 1 80 9
1 1 34 0
1 1 88 0
1 1 0 32
1 1 0 0
1 1 0 0
1 1 19 93
