100
4 4 46 56
1 6 0 70
4 3 0 0
4 2 0 47
2 2 0 24
6 4 0 77
6 1 76 66
3 2 0 0
6 2 6 53
1 1 0 0
4 2 0 0
4 2 4 19
1 1 21 0
1 4 1 42
3 2 0 0
6 2 0 50
3 2 22 36
2 6 79 0
3 3 0 0
4 6 48 0
1 6 44 17
6 6 0 0
4 3 0 0
4 6 0 0
1 2 0 0
3 3 52 0
1 4 64 72
6 4 11 0
4 4 0 94
1 6 0 0
3 6 0 85
4 6 45 31
6 2 0 0
6 2 37 7
2 6 80 0
6 6 0 63
4 6 49 58
3 4 0 0
3 3 0 0
1 6 2 34
2 2 88 93
3 3 78 30
6 3 10 0
2 2 0 87
6 2 0 0
2 3 23 33
4 3 75 0
6 2 0 73
2 3 0 0
1 2 0 0
2 1 0 40
4 2 95 0
6 2 90 0
6 2 0 60
6 3 0 0
6 3 62 15
3 6 0 0
1 2 18 59
3 4 0 0
6 4 0 0
6 4 82 32
6 6 0 0
6 4 55 0
2 1 97 0
2 6 0 61
1 3 39 0
4 4 27 13
6 2 43 9
3 6 14 84
2 2 0 0
4 2 12 68
6 4 0 0
1 6 0 0
3 4 0 51
2 3 0 35
6 4 0 0
6 6 0 26
1 1 29 0
1 6 0 0
1 1 0 0
4 4 5 28
2 1 91 25
1 3 71 100
1 2 0 99
4 4 38 0
1 1 0 3
3 6 86 20
4 3 83 69
4 6 0 98
3 2 8 0
1 2 16 89
6 2 54 0
3 3 74 0
3 3 0 57
3 4 0 0
2 2 65 81
3 4 92 0
1 6 0 0
2 1 0 0
2 1 67 96
