100
8 8 0 0
4 2 0 0
8 1 0 1
8 4 0 0
2 2 0 16
8 2 93 69
8 8 0 50
4 4 55 0
4 8 67 52
8 4 91 0
8 2 92 0
1 8 0 0
1 4 89 0
8 1 0 0
1 4 83 32
8 1 0 0
8 4 70 0
4 2 20 0
4 1 0 0
8 8 0 53
4 2 7 49
8 2 60 2
4 4 0 0
4 4 0 80
2 8 87 29
1 8 3 0
2 2 17 0
1 4 0 94
4 1 51 0
4 2 76 0
4 1 0 0
1 2 82 26
4 2 0 42
2 8 0 86
2 4 15 99
8 8 0 73
2 8 22 0
1 1 8 12
1 1 0 45
4 8 0 14
8 4 0 0
2 8 63 0
4 4 72 79
8 2 0 0
8 1 41 0
1 1 0 97
4 4 0 38
2 1 23 0
1 2 0 0
8 4 27 0
1 2 0 0
2 8 0 88
8 8 44 0
2 8 0 0
1 2 0 0
8 8 81 74
2 1 71 0
2 4 25 33
1 4 96 34
2 2 0 46
1 4 11 4
4 1 0 0
4 4 0 98
1 2 0 0
2 2 0 5
4 2 0 0
2 1 48 19
8 8 84 54
2 2 13 40
2 4 0 0
1 2 62 61
1 8 68 18
2 1 0 90
1 8 36 75
2 4 43 37
8 2 85 65
2 4 0 9
8 1 77 0
1 1 0 6
4 2 0 0
1 4 30 58
1 2 0 0
4 2 47 57
1 1 0 0
4 2 21 28
8 2 31 0
1 4 0 0
4 4 0 0
2 2 0 0
2 1 0 0
8 2 0 0
2 2 0 64
1 2 39 0
1 8 10 100
1 4 56 35
1 2 0 0
2 1 0 0
8 2 24 0
8 1 59 78
2 1 0 66
