100
1 1 0 0
1 1 55 84
1 1 42 58
1 1 0 22
1 1 56 25
1 1 0 0
1 1 13 21
1 1 0 76
1 1 0 0
1 1 63 0
1 1 39 80
1 1 0 89
1 1 0 0
1 1 0 0
1 1 0 0
1 1 0 0
1 1 0 15
1 1 0 33
1 1 26 0
1 1 34 0
1 1 59 0
1 1 57 0
1 1 0 0
1 1 0 50
1 1 0 3
1 1 0 87
1 1 14 92
1 1 0 78
1 1 52 32
1 1 97 0
1 1 65 54
1 1 19 0
1 1 0 68
1 1 0 0
1 1 0 81
1 1 10 0
1 1 43 93
1 1 24 88
1 1 0 0
1 1 0 47
1 1 4 71
1 1 99 1
1 1 70 75
1 1 0 96
1 1 0 17
1 1 0 0
1 1 0 0
1 1 44 72
1 1 0 0
1 1 0 0
1 1 0 0
1 1 86 0
1 1 51 95
1 1 67 53
1 1 5 31
1 1 35 37
1 1 0 0
1 1 12 27
1 1 0 0
1 1 45 0
1 1 0 100
1 1 0 0
1 1 0 0
1 1 0 0
1 1 28 20
1 1 85 7
1 1 29 77
1 1 23 0
1 1 64 49
1 1 91 61
1 1 0 0
1 1 41 90
1 1 11 0
1 1 2 8
1 1 66 16
1 1 0 0
1 1 60 36
1 1 0 0
1 1 0 0
1 1 0 0
1 1 82 0
1 1 0 0
1 1 0 0
1 1 0 0
1 1 0 79
1 1 98 0
1 1 0 0
1 1 62 0
1 1 0 73
1 1 0 0
1 1 18 48
1 1 30 40
1 1 94 6
1 1 0 69
1 1 38 9
1 1 0 0
1 1 0 0
1 1 0 83
1 1 46 0
1 1 0 0
