30
300
21 8
21 17
21 15
8 15
17 15
17 25
15 25
21 2
17 2
15 2
8 20
25 20
2 20
8 27
17 27
25 27
20 27
21 5
8 5
15 5
2 5
20 5
27 5
21 1
8 1
17 1
25 1
20 1
27 1
21 18
17 18
15 18
2 18
27 18
5 18
1 18
21 9
15 9
2 9
20 9
1 9
18 9
8 4
15 4
25 4
20 4
27 4
5 4
1 4
18 4
21 12
17 12
25 12
2 12
20 12
27 12
5 12
8 14
17 14
15 14
2 14
20 14
9 14
4 14
12 14
21 11
8 11
17 11
25 11
2 11
20 11
5 11
18 11
9 11
12 11
21 29
17 29
15 29
2 29
20 29
27 29
18 29
9 29
4 29
12 29
14 29
21 30
8 30
17 30
15 30
25 30
20 30
5 30
1 30
18 30
9 30
12 30
11 30
8 19
17 19
25 19
27 19
1 19
18 19
9 19
4 19
14 19
11 19
30 19
8 23
17 23
15 23
25 23
2 23
20 23
1 23
9 23
4 23
12 23
14 23
11 23
8 26
17 26
25 26
2 26
20 26
27 26
18 26
9 26
4 26
12 26
14 26
11 26
19 26
23 26
21 24
8 24
15 24
25 24
2 24
20 24
5 24
1 24
18 24
14 24
11 24
29 24
30 24
26 24
21 28
17 28
15 28
2 28
27 28
5 28
4 28
12 28
14 28
11 28
29 28
19 28
23 28
26 28
24 28
21 16
8 16
17 16
25 16
2 16
20 16
27 16
5 16
1 16
9 16
4 16
12 16
14 16
11 16
29 16
19 16
23 16
24 16
28 16
21 13
17 13
25 13
2 13
20 13
5 13
1 13
4 13
12 13
14 13
11 13
30 13
19 13
23 13
24 13
16 13
21 7
17 7
2 7
20 7
27 7
5 7
18 7
9 7
4 7
12 7
14 7
30 7
19 7
23 7
26 7
28 7
16 7
13 7
21 3
8 3
17 3
15 3
25 3
2 3
20 3
27 3
5 3
1 3
18 3
9 3
4 3
12 3
14 3
11 3
29 3
30 3
19 3
23 3
26 3
24 3
28 3
7 3
17 10
15 10
25 10
2 10
20 10
5 10
1 10
18 10
4 10
12 10
14 10
11 10
23 10
26 10
24 10
28 10
7 10
8 22
15 22
25 22
2 22
20 22
1 22
18 22
9 22
4 22
12 22
14 22
11 22
29 22
30 22
19 22
23 22
26 22
24 22
28 22
7 22
3 22
10 22
21 6
8 6
15 6
25 6
2 6
20 6
27 6
5 6
1 6
18 6
9 6
12 6
14 6
11 6
29 6
26 6
28 6
16 6
13 6
7 6
