999 400
860
110
100
429
828
969
786
240
634
51
259
200
261
359
603
941
554
109
618
514
598
474
402
858
427
312
867
954
562
541
139
263
457
981
339
680
384
86
596
213
896
455
716
732
406
197
805
415
976
847
317
289
98
809
938
939
502
833
881
687
884
874
361
43
335
128
951
723
68
887
519
122
480
857
271
175
99
925
729
916
532
255
155
758
311
862
764
897
55
661
436
309
94
236
248
276
576
854
124
90
529
546
132
424
721
201
166
621
927
47
979
10
588
300
40
522
900
608
411
153
344
178
880
799
765
193
202
472
477
625
188
668
750
334
183
575
280
585
933
233
48
288
33
378
989
328
767
81
102
718
24
95
793
669
839
351
52
174
997
601
497
649
509
203
787
689
484
133
430
499
741
173
421
652
813
419
842
798
975
220
699
840
302
934
491
41
639
355
243
476
483
21
550
442
30
762
890
319
104
905
607
674
947
318
619
581
936
142
928
298
321
812
926
740
228
363
666
543
612
433
844
820
80
17
686
984
520
946
340
877
888
438
461
258
898
14
466
912
515
410
235
909
822
127
219
63
113
42
530
249
57
140
148
434
736
336
54
633
728
326
745
911
401
869
663
440
834
282
242
635
622
965
783
866
60
487
8
169
846
290
583
67
503
748
22
957
388
301
210
722
959
495
534
0
726
84
623
136
955
995
794
407
486
540
222
145
479
87
843
823
19
357
564
345
221
206
654
211
802
253
65
353
216
631
578
871
527
85
685
555
266
889
257
56
605
79
539
307
932
678
244
471
597
157
246
180
677
214
817
667
914
628
374
876
29
400
692
524
627
693
825
395
648
365
638
545
205
873
987
769
557
37
549
386
849
966
135
238
624
12
417
218
697
670
473
682
998
594
320
768
626
821
35
119
5
416
414
590
239
771
4
