100
1 1 2 99
1 1 3 98
1 1 4 38
1 1 5 33
1 1 6 15
1 1 7 14
1 1 8 9
1 1 0 0
1 1 10 12
1 1 0 11
1 1 0 0
1 1 0 13
1 1 0 0
1 1 0 0
1 1 16 25
1 1 17 21
1 1 18 0
1 1 0 19
1 1 0 20
1 1 0 0
1 1 22 0
1 1 23 0
1 1 24 0
1 1 0 0
1 1 26 30
1 1 27 0
1 1 0 28
1 1 29 0
1 1 0 0
1 1 31 0
1 1 0 32
1 1 0 0
1 1 34 36
1 1 0 35
1 1 0 0
1 1 0 37
1 1 0 0
1 1 39 78
1 1 40 43
1 1 0 41
1 1 42 0
1 1 0 0
1 1 44 72
1 1 45 54
1 1 46 47
1 1 0 0
1 1 48 50
1 1 49 0
1 1 0 0
1 1 51 53
1 1 52 0
1 1 0 0
1 1 0 0
1 1 55 70
1 1 56 66
1 1 57 59
1 1 58 0
1 1 0 0
1 1 60 61
1 1 0 0
1 1 62 63
1 1 0 0
1 1 0 64
1 1 65 0
1 1 0 0
1 1 67 0
1 1 0 68
1 1 69 0
1 1 0 0
1 1 0 71
1 1 0 0
1 1 73 74
1 1 0 0
1 1 0 75
1 1 76 77
1 1 0 0
1 1 0 0
1 1 0 79
1 1 80 84
1 1 81 83
1 1 0 82
1 1 0 0
1 1 0 0
1 1 85 91
1 1 86 0
1 1 0 87
1 1 0 88
1 1 89 90
1 1 0 0
1 1 0 0
1 1 92 93
1 1 0 0
1 1 94 96
1 1 95 0
1 1 0 0
1 1 0 97
1 1 0 0
1 1 0 0
1 1 100 0
1 1 0 0
