100
2000
1 46
27 46
1 39
1 67
46 67
1 89
27 89
39 89
1 53
50 53
46 2
39 2
67 2
50 68
27 68
39 68
89 68
1 49
50 49
46 49
39 49
67 49
89 49
2 49
68 49
1 15
50 15
2 15
1 4
50 4
67 4
89 4
49 4
50 74
27 74
46 74
89 74
68 74
4 74
1 43
50 43
46 43
67 43
15 43
4 43
1 98
50 98
27 98
46 98
39 98
53 98
68 98
4 98
50 38
27 38
46 38
67 38
89 38
68 38
4 38
43 38
27 33
49 33
4 33
74 33
98 33
39 66
89 66
2 66
68 66
49 66
33 66
39 70
67 70
53 70
2 70
49 70
66 70
50 29
39 29
89 29
53 29
68 29
4 29
43 29
98 29
38 29
1 96
27 96
46 96
39 96
4 96
38 96
33 96
70 96
1 57
50 57
67 57
53 57
4 57
74 57
43 57
38 57
96 57
46 88
67 88
89 88
53 88
2 88
74 88
98 88
33 88
66 88
96 88
57 88
39 13
53 13
68 13
49 13
15 13
4 13
98 13
38 13
33 13
96 13
57 13
88 13
50 95
67 95
89 95
2 95
68 95
43 95
98 95
33 95
88 95
50 7
89 7
4 7
98 7
70 7
29 7
96 7
57 7
1 31
46 31
89 31
53 31
2 31
68 31
4 31
38 31
66 31
70 31
29 31
96 31
95 31
27 71
39 71
67 71
53 71
2 71
49 71
15 71
4 71
38 71
33 71
66 71
29 71
96 71
88 71
46 56
39 56
53 56
15 56
74 56
43 56
38 56
66 56
96 56
57 56
95 56
27 83
39 83
53 83
68 83
4 83
38 83
66 83
88 83
95 83
1 25
27 25
89 25
68 25
49 25
38 25
96 25
13 25
7 25
31 25
71 25
50 65
46 65
39 65
67 65
2 65
68 65
15 65
74 65
43 65
29 65
88 65
71 65
56 65
27 72
89 72
53 72
2 72
98 72
70 72
29 72
57 72
31 72
83 72
65 72
27 90
89 90
15 90
4 90
43 90
98 90
29 90
57 90
7 90
50 36
27 36
89 36
74 36
43 36
66 36
70 36
29 36
96 36
83 36
65 36
72 36
90 36
1 100
50 100
27 100
53 100
2 100
68 100
15 100
4 100
70 100
29 100
96 100
88 100
56 100
83 100
65 100
90 100
1 48
39 48
68 48
74 48
43 48
33 48
31 48
71 48
65 48
90 48
100 48
27 16
46 16
39 16
89 16
43 16
33 16
29 16
96 16
57 16
13 16
95 16
71 16
83 16
65 16
72 16
90 16
27 93
67 93
2 93
49 93
15 93
4 93
74 93
98 93
38 93
66 93
29 93
31 93
83 93
65 93
50 8
39 8
67 8
89 8
53 8
68 8
49 8
74 8
98 8
33 8
29 8
96 8
13 8
31 8
56 8
83 8
25 8
65 8
36 8
48 8
50 12
39 12
67 12
53 12
2 12
96 12
95 12
31 12
56 12
83 12
65 12
72 12
90 12
48 12
16 12
93 12
27 92
46 92
39 92
53 92
49 92
15 92
43 92
66 92
70 92
96 92
95 92
56 92
83 92
65 92
100 92
48 92
50 37
27 37
39 37
67 37
53 37
2 37
49 37
4 37
29 37
57 37
88 37
13 37
71 37
56 37
65 37
72 37
36 37
100 37
16 37
93 37
92 37
50 80
27 80
46 80
67 80
68 80
4 80
98 80
29 80
57 80
7 80
27 62
39 62
89 62
49 62
74 62
98 62
38 62
66 62
29 62
57 62
88 62
7 62
56 62
25 62
65 62
36 62
100 62
16 62
8 62
49 28
15 28
4 28
43 28
98 28
38 28
66 28
29 28
96 28
88 28
95 28
56 28
90 28
100 28
48 28
16 28
93 28
92 28
80 28
62 28
2 34
15 34
74 34
43 34
98 34
96 34
88 34
95 34
7 34
71 34
90 34
48 34
12 34
92 34
37 34
80 34
62 34
50 61
67 61
89 61
49 61
74 61
43 61
33 61
70 61
29 61
57 61
88 61
71 61
56 61
25 61
93 61
8 61
34 61
27 45
67 45
68 45
49 45
15 45
4 45
43 45
98 45
66 45
13 45
95 45
7 45
31 45
71 45
83 45
25 45
90 45
37 45
80 45
28 45
1 6
67 6
2 6
15 6
74 6
43 6
66 6
88 6
13 6
95 6
7 6
56 6
83 6
65 6
16 6
93 6
12 6
92 6
80 6
62 6
34 6
50 99
27 99
46 99
67 99
89 99
53 99
68 99
15 99
4 99
43 99
98 99
38 99
66 99
57 99
7 99
71 99
56 99
25 99
48 99
8 99
12 99
92 99
80 99
45 99
1 21
50 21
2 21
68 21
49 21
98 21
38 21
66 21
13 21
71 21
83 21
25 21
90 21
36 21
16 21
92 21
37 21
6 21
50 10
27 10
68 10
49 10
4 10
74 10
43 10
29 10
88 10
31 10
56 10
65 10
72 10
90 10
100 10
48 10
93 10
12 10
92 10
37 10
80 10
62 10
45 10
6 10
21 10
1 63
27 63
39 63
67 63
68 63
74 63
43 63
98 63
38 63
66 63
29 63
96 63
57 63
13 63
95 63
65 63
72 63
36 63
16 63
93 63
92 63
37 63
62 63
61 63
99 63
10 63
1 42
46 42
39 42
67 42
89 42
53 42
15 42
4 42
43 42
66 42
88 42
13 42
95 42
31 42
56 42
25 42
65 42
37 42
62 42
28 42
61 42
45 42
6 42
10 42
46 11
67 11
53 11
49 11
15 11
4 11
74 11
33 11
66 11
13 11
36 11
12 11
92 11
80 11
45 11
6 11
99 11
10 11
27 20
39 20
67 20
89 20
2 20
68 20
43 20
38 20
70 20
88 20
95 20
71 20
56 20
90 20
36 20
48 20
93 20
8 20
92 20
37 20
80 20
62 20
28 20
61 20
45 20
63 20
42 20
11 20
68 44
49 44
43 44
98 44
29 44
96 44
71 44
83 44
65 44
90 44
48 44
12 44
61 44
6 44
21 44
50 52
27 52
67 52
89 52
2 52
15 52
4 52
74 52
38 52
33 52
96 52
13 52
95 52
7 52
83 52
90 52
36 52
48 52
16 52
37 52
62 52
28 52
34 52
45 52
6 52
10 52
11 52
44 52
46 60
43 60
38 60
33 60
66 60
96 60
88 60
13 60
95 60
25 60
65 60
90 60
100 60
37 60
80 60
28 60
61 60
6 60
99 60
63 60
11 60
44 60
1 51
50 51
46 51
67 51
2 51
74 51
43 51
38 51
70 51
29 51
57 51
88 51
7 51
56 51
83 51
25 51
72 51
90 51
16 51
93 51
12 51
92 51
80 51
34 51
45 51
21 51
10 51
63 51
42 51
20 51
44 51
60 51
50 35
27 35
46 35
89 35
2 35
15 35
74 35
43 35
98 35
38 35
29 35
96 35
7 35
56 35
83 35
25 35
90 35
12 35
45 35
6 35
99 35
42 35
11 35
52 35
27 18
46 18
39 18
89 18
68 18
49 18
4 18
74 18
43 18
66 18
29 18
88 18
95 18
31 18
83 18
25 18
65 18
12 18
92 18
28 18
42 18
60 18
1 40
50 40
39 40
68 40
49 40
98 40
38 40
66 40
70 40
57 40
83 40
90 40
8 40
12 40
92 40
28 40
34 40
63 40
42 40
44 40
51 40
27 91
39 91
89 91
2 91
15 91
74 91
98 91
38 91
66 91
96 91
88 91
31 91
56 91
65 91
72 91
90 91
100 91
16 91
8 91
37 91
62 91
34 91
61 91
45 91
21 91
63 91
42 91
20 91
60 91
18 91
1 79
89 79
53 79
49 79
15 79
4 79
43 79
98 79
66 79
96 79
95 79
36 79
48 79
93 79
8 79
12 79
92 79
37 79
80 79
62 79
28 79
6 79
21 79
20 79
51 79
35 79
18 79
39 69
67 69
68 69
43 69
33 69
66 69
70 69
29 69
96 69
25 69
36 69
100 69
8 69
12 69
92 69
34 69
61 69
45 69
99 69
63 69
11 69
44 69
51 69
1 85
46 85
67 85
53 85
15 85
98 85
38 85
29 85
88 85
31 85
71 85
83 85
25 85
72 85
90 85
16 85
93 85
8 85
12 85
80 85
28 85
34 85
61 85
6 85
99 85
63 85
44 85
52 85
51 85
35 85
18 85
40 85
91 85
69 85
1 30
39 30
89 30
2 30
68 30
49 30
74 30
43 30
38 30
66 30
13 30
56 30
72 30
48 30
93 30
12 30
28 30
45 30
6 30
99 30
20 30
44 30
60 30
51 30
35 30
18 30
91 30
69 30
85 30
27 84
46 84
53 84
15 84
4 84
74 84
43 84
98 84
38 84
33 84
66 84
29 84
57 84
88 84
95 84
71 84
56 84
83 84
72 84
90 84
100 84
93 84
37 84
28 84
34 84
10 84
44 84
52 84
40 84
85 84
27 58
89 58
49 58
15 58
33 58
70 58
29 58
57 58
31 58
71 58
56 58
83 58
72 58
48 58
16 58
92 58
34 58
45 58
6 58
21 58
42 58
44 58
60 58
35 58
79 58
30 58
1 81
50 81
27 81
67 81
89 81
49 81
4 81
98 81
96 81
57 81
88 81
13 81
56 81
25 81
36 81
16 81
93 81
8 81
12 81
37 81
62 81
6 81
99 81
52 81
60 81
51 81
18 81
30 81
84 81
58 81
27 3
67 3
53 3
96 3
88 3
13 3
31 3
56 3
83 3
72 3
90 3
100 3
93 3
8 3
80 3
62 3
28 3
34 3
45 3
6 3
10 3
42 3
20 3
44 3
60 3
18 3
85 3
30 3
84 3
58 3
81 3
1 22
27 22
46 22
39 22
89 22
53 22
68 22
15 22
74 22
43 22
98 22
66 22
96 22
13 22
72 22
90 22
16 22
92 22
37 22
80 22
45 22
21 22
63 22
11 22
52 22
51 22
79 22
3 22
1 77
46 77
39 77
67 77
89 77
49 77
15 77
43 77
98 77
95 77
7 77
83 77
25 77
72 77
100 77
93 77
92 77
37 77
28 77
61 77
10 77
11 77
44 77
52 77
51 77
40 77
69 77
85 77
30 77
81 77
3 77
2 9
68 9
49 9
74 9
38 9
66 9
96 9
57 9
13 9
7 9
31 9
71 9
36 9
92 9
37 9
62 9
45 9
42 9
11 9
20 9
60 9
79 9
69 9
85 9
84 9
58 9
77 9
1 19
89 19
53 19
43 19
33 19
70 19
57 19
95 19
56 19
36 19
93 19
12 19
37 19
80 19
62 19
34 19
45 19
63 19
44 19
51 19
18 19
91 19
79 19
81 19
9 19
46 24
53 24
2 24
49 24
4 24
74 24
43 24
29 24
57 24
7 24
56 24
65 24
72 24
45 24
6 24
10 24
63 24
20 24
52 24
51 24
79 24
30 24
84 24
58 24
81 24
77 24
9 24
19 24
27 75
15 75
74 75
43 75
38 75
33 75
88 75
7 75
71 75
56 75
65 75
36 75
12 75
37 75
34 75
61 75
45 75
21 75
42 75
11 75
52 75
51 75
91 75
79 75
69 75
81 75
3 75
77 75
24 75
1 59
39 59
53 59
2 59
68 59
15 59
74 59
43 59
98 59
33 59
66 59
29 59
57 59
31 59
56 59
83 59
25 59
90 59
16 59
8 59
62 59
28 59
6 59
99 59
21 59
10 59
63 59
11 59
52 59
60 59
18 59
40 59
79 59
69 59
85 59
22 59
77 59
19 59
75 59
50 54
27 54
67 54
89 54
53 54
2 54
49 54
38 54
33 54
96 54
88 54
13 54
7 54
56 54
65 54
72 54
36 54
100 54
48 54
16 54
92 54
62 54
63 54
42 54
11 54
20 54
52 54
79 54
69 54
30 54
84 54
3 54
77 54
24 54
75 54
39 82
67 82
89 82
74 82
43 82
98 82
70 82
96 82
57 82
13 82
7 82
31 82
83 82
25 82
36 82
100 82
93 82
37 82
28 82
34 82
45 82
99 82
21 82
10 82
42 82
44 82
52 82
35 82
40 82
91 82
69 82
30 82
84 82
58 82
81 82
9 82
75 82
59 82
54 82
1 26
50 26
46 26
67 26
89 26
68 26
4 26
74 26
43 26
38 26
70 26
57 26
95 26
56 26
65 26
72 26
90 26
48 26
12 26
92 26
37 26
28 26
34 26
45 26
99 26
21 26
63 26
42 26
11 26
44 26
52 26
60 26
18 26
79 26
85 26
30 26
58 26
3 26
22 26
77 26
19 26
75 26
82 26
50 23
49 23
15 23
4 23
74 23
38 23
88 23
13 23
71 23
83 23
25 23
65 23
72 23
36 23
100 23
93 23
8 23
12 23
37 23
80 23
34 23
61 23
45 23
6 23
63 23
11 23
44 23
35 23
18 23
40 23
69 23
84 23
58 23
24 23
1 41
39 41
67 41
53 41
43 41
38 41
70 41
57 41
88 41
13 41
7 41
31 41
71 41
83 41
65 41
36 41
100 41
93 41
34 41
61 41
10 41
63 41
44 41
60 41
51 41
18 41
40 41
91 41
79 41
30 41
84 41
58 41
3 41
9 41
75 41
82 41
26 41
1 76
50 76
39 76
67 76
2 76
68 76
15 76
4 76
43 76
98 76
29 76
88 76
13 76
95 76
71 76
83 76
25 76
72 76
90 76
37 76
28 76
10 76
44 76
52 76
18 76
79 76
69 76
85 76
84 76
58 76
81 76
3 76
9 76
19 76
75 76
82 76
26 76
23 76
41 76
46 97
67 97
53 97
2 97
74 97
98 97
38 97
33 97
96 97
57 97
88 97
95 97
7 97
56 97
25 97
72 97
36 97
93 97
8 97
80 97
28 97
34 97
61 97
45 97
42 97
52 97
51 97
18 97
40 97
91 97
79 97
58 97
22 97
9 97
24 97
82 97
26 97
41 97
27 64
67 64
2 64
68 64
49 64
43 64
98 64
38 64
33 64
95 64
31 64
56 64
83 64
65 64
8 64
92 64
37 64
34 64
61 64
21 64
10 64
63 64
11 64
60 64
18 64
69 64
77 64
75 64
82 64
1 78
67 78
89 78
68 78
74 78
38 78
88 78
95 78
25 78
36 78
48 78
93 78
37 78
62 78
61 78
99 78
21 78
42 78
11 78
44 78
52 78
18 78
40 78
69 78
30 78
84 78
81 78
24 78
23 78
41 78
97 78
64 78
1 55
27 55
46 55
89 55
53 55
2 55
68 55
15 55
4 55
98 55
33 55
96 55
88 55
7 55
71 55
56 55
83 55
65 55
36 55
93 55
8 55
12 55
37 55
62 55
63 55
44 55
52 55
60 55
35 55
18 55
91 55
19 55
24 55
59 55
76 55
46 94
39 94
89 94
53 94
2 94
15 94
74 94
66 94
70 94
56 94
90 94
48 94
8 94
37 94
80 94
28 94
45 94
21 94
63 94
42 94
11 94
20 94
18 94
91 94
85 94
84 94
81 94
3 94
22 94
19 94
54 94
26 94
23 94
41 94
97 94
64 94
78 94
50 14
46 14
39 14
74 14
38 14
70 14
88 14
7 14
31 14
71 14
56 14
72 14
36 14
93 14
12 14
37 14
6 14
99 14
10 14
63 14
60 14
40 14
69 14
81 14
22 14
77 14
9 14
75 14
54 14
26 14
23 14
76 14
1 86
46 86
39 86
2 86
49 86
4 86
43 86
98 86
66 86
70 86
29 86
88 86
31 86
83 86
65 86
72 86
93 86
12 86
92 86
37 86
62 86
45 86
21 86
42 86
69 86
30 86
58 86
22 86
77 86
9 86
54 86
26 86
64 86
94 86
14 86
46 47
89 47
2 47
49 47
15 47
33 47
66 47
29 47
31 47
83 47
65 47
72 47
36 47
8 47
12 47
92 47
37 47
80 47
44 47
52 47
60 47
35 47
91 47
69 47
30 47
58 47
3 47
19 47
59 47
23 47
14 47
46 87
39 87
53 87
2 87
68 87
49 87
70 87
7 87
56 87
83 87
65 87
90 87
48 87
8 87
12 87
92 87
34 87
61 87
45 87
99 87
42 87
11 87
52 87
60 87
35 87
18 87
91 87
69 87
30 87
58 87
81 87
22 87
77 87
9 87
75 87
54 87
26 87
23 87
97 87
64 87
78 87
50 73
46 73
39 73
67 73
89 73
2 73
68 73
66 73
29 73
96 73
13 73
95 73
56 73
48 73
16 73
93 73
12 73
80 73
28 73
34 73
10 73
63 73
42 73
11 73
44 73
51 73
18 73
69 73
84 73
58 73
81 73
77 73
75 73
26 73
23 73
41 73
78 73
55 73
14 73
86 73
87 73
50 5
2 5
15 5
74 5
98 5
33 5
96 5
57 5
88 5
13 5
95 5
31 5
56 5
25 5
100 5
48 5
16 5
8 5
80 5
28 5
34 5
61 5
10 5
63 5
91 5
69 5
30 5
22 5
9 5
19 5
82 5
26 5
23 5
55 5
94 5
86 5
47 5
87 5
73 5
50 17
46 17
39 17
53 17
49 17
4 17
74 17
98 17
38 17
29 17
96 17
57 17
95 17
25 17
65 17
72 17
48 17
16 17
37 17
80 17
34 17
61 17
45 17
21 17
10 17
11 17
44 17
51 17
79 17
69 17
85 17
30 17
84 17
77 17
9 17
19 17
24 17
78 17
47 17
87 17
73 17
50 32
27 32
46 32
89 32
53 32
49 32
4 32
74 32
43 32
33 32
66 32
29 32
13 32
7 32
31 32
56 32
12 32
92 32
37 32
80 32
45 32
99 32
10 32
20 32
52 32
51 32
35 32
18 32
91 32
79 32
69 32
85 32
84 32
81 32
3 32
22 32
19 32
24 32
75 32
54 32
26 32
41 32
94 32
14 32
86 32
47 32
