3
2 2143
2 25469
2 16825
2 9512
2 6043
2 8977
2 8561
2 332
1 1
2 26429
1 2
1 3
2 10017
1 4
2 27599
1 5
1 6
2 14586
1 7
1 8
2 12304
1 9
1 10
1 1
1 1
1 2
1 2
1 3
1 3
1 4
2 27464
1 4
1 5
1 5
1 6
1 6
1 7
1 7
1 8
1 8
1 9
2 11246
1 9
1 10
1 10
1 1
1 1
1 1
1 2
1 2
1 2
1 3
1 3
1 3
1 4
1 4
1 4
1 5
2 6764
1 5
1 5
1 6
1 6
1 6
1 7
1 7
1 7
1 8
1 8
1 8
1 9
1 9
1 9
1 10
1 10
2 13775
1 10
1 1
1 1
1 1
1 1
1 2
1 2
1 2
1 2
1 3
1 3
1 3
1 3
2 7509
1 4
1 4
1 4
1 4
1 5
1 5
1 5
1 5
1 6
1 6
1 6
1 6
1 7
1 7
1 7
1 7
1 8
1 8
1 8
1 8
1 9
1 9
1 9
1 9
1 10
1 10
1 10
1 10
1 1
1 1
1 1
1 1
1 1
1 2
1 2
1 2
1 2
2 27920
1 2
1 3
1 3
1 3
1 3
1 3
1 4
1 4
1 4
1 4
1 4
1 5
1 5
1 5
1 5
1 5
2 136
1 6
1 6
1 6
1 6
1 6
1 7
1 7
1 7
1 7
1 7
1 8
1 8
1 8
1 8
1 8
1 9
1 9
1 9
2 26579
1 9
1 9
1 10
1 10
1 10
1 10
1 10
1 1
1 1
1 1
1 1
1 1
1 1
1 2
1 2
1 2
1 2
1 2
1 2
1 3
1 3
1 3
1 3
1 3
1 3
1 4
1 4
2 13566
1 4
1 4
1 4
1 4
1 5
1 5
1 5
1 5
1 5
1 5
1 6
1 6
1 6
1 6
1 6
1 6
1 7
1 7
1 7
1 7
1 7
1 7
1 8
1 8
1 8
1 8
1 8
1 8
1 9
1 9
1 9
1 9
1 9
1 9
1 10
1 10
1 10
1 10
1 10
1 10
1 1
1 1
1 1
2 13361
1 1
1 1
1 1
1 1
1 2
1 2
1 2
1 2
1 2
1 2
1 2
1 3
1 3
1 3
1 3
1 3
1 3
1 3
1 4
1 4
1 4
1 4
1 4
1 4
1 4
1 5
1 5
1 5
1 5
1 5
1 5
1 5
1 6
1 6
1 6
1 6
1 6
1 6
1 6
1 7
1 7
1 7
1 7
1 7
1 7
1 7
1 8
1 8
1 8
1 8
1 8
1 8
1 8
1 9
1 9
1 9
1 9
1 9
1 9
1 9
1 10
1 10
1 10
1 10
1 10
1 10
1 10
1 1
1 1
1 1
1 1
1 1
1 1
1 1
1 1
1 2
1 2
1 2
1 2
1 2
1 2
1 2
1 2
1 3
1 3
1 3
1 3
1 3
1 3
1 3
1 3
1 4
1 4
1 4
1 4
1 4
1 4
1 4
1 4
1 5
1 5
1 5
1 5
1 5
1 5
1 5
1 5
1 6
1 6
1 6
1 6
1 6
1 6
1 6
1 6
1 7
1 7
1 7
1 7
1 7
1 7
1 7
1 7
1 8
1 8
1 8
1 8
1 8
1 8
1 8
2 25797
1 8
1 9
1 9
1 9
1 9
1 9
1 9
1 9
1 9
1 10
1 10
1 10
1 10
1 10
1 10
1 10
1 10
1 1
1 1
1 1
1 1
1 1
1 1
1 1
1 1
1 1
1 2
1 2
1 2
1 2
1 2
1 2
1 2
1 2
1 2
1 3
1 3
1 3
1 3
1 3
1 3
1 3
1 3
1 3
1 4
1 4
1 4
1 4
1 4
1 4
1 4
1 4
1 4
1 5
1 5
1 5
1 5
1 5
1 5
1 5
1 5
1 5
1 6
1 6
1 6
1 6
1 6
1 6
1 6
1 6
1 6
1 7
1 7
1 7
1 7
1 7
1 7
1 7
1 7
1 7
1 8
1 8
1 8
1 8
1 8
1 8
1 8
1 8
1 8
1 9
1 9
1 9
1 9
1 9
1 9
1 9
1 9
1 9
1 10
1 10
1 10
1 10
1 10
1 10
1 10
1 10
1 10
1 1
1 1
1 1
1 1
1 1
1 1
1 1
1 1
1 1
1 1
1 2
1 2
1 2
1 2
1 2
1 2
1 2
1 2
1 2
1 2
1 3
1 3
1 3
1 3
1 3
1 3
1 3
1 3
1 3
1 3
1 4
1 4
1 4
1 4
1 4
1 4
1 4
1 4
1 4
1 4
1 5
1 5
1 5
1 5
1 5
1 5
1 5
1 5
1 5
1 5
1 6
1 6
1 6
1 6
1 6
1 6
1 6
1 6
1 6
1 6
1 7
1 7
1 7
1 7
1 7
1 7
1 7
1 7
1 7
1 7
1 8
1 8
1 8
1 8
1 8
1 8
1 8
1 8
1 8
1 8
1 9
1 9
1 9
1 9
1 9
1 9
1 9
1 9
1 9
1 9
1 10
1 10
1 10
1 10
1 10
1 10
1 10
1 10
1 10
1 10
2 25314
2 26865
2 20165
2 10821
2 27738
2 17880
2 23868
2 25661
2 8622
2 2991
2 27948
2 22508
2 5620
2 10237
2 17735
2 17806
2 29087
2 28155
2 27352
2 4700
2 1958
2 26107
2 19682
2 1253
2 15476
2 12457
2 2555
2 6525
2 27351
2 94
2 14179
2 2421
2 19825
2 908
2 2956
2 15516
2 7172
2 16646
2 9495
2 27724
2 10187
2 18195
2 14178
2 8485
2 10346
2 12809
2 9565
2 21339
2 13287
2 11859
2 7404
2 6790
2 1995
2 10489
2 10739
2 27031
2 27007
2 22587
2 6467
2 6830
2 23177
2 28168
2 21472
2 11561
2 9811
2 26334
2 15791
2 1210
2 9321
2 1019
2 27714
2 18371
2 29674
2 2710
2 20413
2 13361
2 8470
2 8662
2 7760
2 4583
2 2136
2 5844
2 4238
2 20155
2 29306
2 1944
2 17642
2 20307
2 12939
2 20522
2 2831
2 5126
2 15377
2 17129
2 3476
2 15931
2 3394
2 10615
2 11728
2 2471
2 6657
2 5119
2 8407
2 8340
2 6742
2 5821
2 20581
2 6726
2 19088
2 4046
2 1057
2 17456
2 6488
2 25830
2 5291
2 29391
2 8460
2 29962
2 190
2 762
2 17020
2 25797
2 25943
2 16235
2 6591
2 10861
2 5825
2 13542
2 27251
2 6956
2 7232
2 573
2 17362
2 23212
2 27534
2 16822
2 5974
2 17449
2 20162
2 25771
2 17103
2 3333
2 20463
2 13620
2 29338
2 1727
2 19316
2 8524
2 7751
2 5895
2 11123
2 29291
2 3879
2 23533
2 3657
2 2678
2 5039
2 10895
2 11904
2 28465
2 3356
2 14941
2 9742
2 23058
2 20981
2 17073
2 22900
2 29662
2 2243
2 20781
2 18243
2 1433
2 20824
2 17710
2 8658
2 16497
2 26454
2 27655
2 1477
2 26824
2 29311
2 8776
2 14599
2 14401
2 23738
2 21232
2 16652
2 11458
2 17330
2 20102
2 27203
2 16848
2 2342
2 13255
2 22515
2 7268
2 20211
2 20875
2 18447
2 5848
2 23812
2 28094
2 8604
2 19311
2 17550
2 9059
2 19253
2 8801
2 28676
2 4059
2 27165
2 24167
2 13887
2 26659
2 8566
2 21730
2 14629
2 5577
2 13120
2 7218
2 20125
2 12161
2 17206
2 20353
2 13061
2 16781
2 5977
2 24992
2 15972
2 17052
2 17513
2 942
2 28519
2 1878
2 20799
2 23787
2 24834
2 1546
2 27429
2 16555
2 7963
2 23498
2 17873
2 20272
2 1634
2 8491
2 15294
2 1677
2 29301
2 9624
2 3953
2 17760
2 22067
2 20196
2 8861
2 22272
2 22764
2 6404
2 23068
2 23128
2 24293
2 27082
2 10748
2 11074
2 18125
2 17124
2 12579
2 24202
2 18268
2 13936
2 20744
2 11432
2 9175
2 1217
2 8147
2 4794
2 4215
2 29114
2 12179
2 28326
2 15404
2 7058
2 16738
2 23611
2 13070
2 12697
2 11072
2 28844
2 25735
2 4965
2 14827
2 16095
2 29073
2 7789
2 9732
2 3428
2 1258
2 28541
2 23954
2 9044
2 26191
2 28717
2 20664
2 3837
2 4870
2 23173
2 15939
2 19086
2 29691
2 7930
2 15138
2 7890
2 11466
2 19971
2 20988
2 8316
2 13415
2 17249
2 11409
2 15851
2 2721
2 28991
2 15181
2 17812
2 19847
2 25199
2 19274
2 7371
2 16466
2 26060
2 20869
2 16411
2 15395
2 3242
2 28702
2 1332
2 9185
2 5513
2 9390
2 9437
2 3665
2 19987
2 20340
2 3015
2 7906
2 18656
2 16998
2 29835
2 18152
2 24110
2 6107
2 22652
2 11722
2 6682
2 20287
2 3529
2 19822
2 22773
2 11971
2 27077
2 21993
2 3443
2 1848
2 15323
2 26741
2 14694
2 9865
2 1333
2 19546
2 10099
2 26489
2 9239
2 11767
2 18106
2 930
2 7351
2 10882
2 21106
2 15375
2 19081
2 26383
2 27645
2 13109
2 19221
2 23716
2 25038
2 2632
2 11100
2 19677
2 22398
2 4623
2 28904
2 20737
2 14753
2 1290
2 24212
2 28279
2 23120
2 2117
2 20966
2 29556
2 16625
2 16542
2 20618
2 9681
2 28896
2 14855
2 23199
2 171
2 29849
2 13788
2 97
2 8360
2 16968
2 17632
2 26327
2 27335
2 8379
2 2370
2 18603
2 25155
2 3883
2 22786
2 2707
2 15695
