100 0
6 205 508 207 174 409 509 561 765 683 480 949 29
3 52 770 436 571 781 173
10 43 254 124 239 366 397 463 100 613 223 651 530 665 975 810 523 839 825 903 167
7 235 108 350 882 355 938 608 880 698 943 876 302 931 654
2 234 564 986 494
1 945 229
1 172 953
5 186 791 217 829 248 822 683 269 715 147
10 57 840 254 81 356 331 400 495 534 487 555 958 660 695 677 649 844 618 937 243
3 34 65 324 345 629 41
4 150 645 398 582 933 229 951 911
7 209 147 344 403 426 575 671 309 782 85 867 927 980 997
7 113 930 226 362 552 863 592 83 648 994 848 874 900 629
10 61 335 92 122 162 331 343 732 449 447 468 926 563 404 704 112 971 412 988 74
6 411 236 762 17 780 392 925 594 949 725 1000 547
7 4 227 330 414 560 103 764 503 854 22 858 421 870 143
1 235 552
5 112 819 182 928 382 987 421 318 767 968
4 183 978 218 133 487 968 652 797
5 312 308 427 526 465 895 704 97 791 760
5 154 989 249 761 743 887 827 861 989 263
5 77 157 122 346 355 891 381 518 467 951
4 303 695 305 674 619 236 743 965
9 13 983 258 464 577 613 581 351 729 398 770 414 855 813 926 281 930 268
4 26 815 150 784 152 451 928 203
10 38 501 55 548 224 131 289 442 362 942 557 653 675 992 907 708 956 728 1000 469
8 18 341 97 763 266 817 463 906 516 175 637 71 762 789 861 644
2 527 182 624 653
3 334 112 491 707 622 827
9 134 625 156 377 193 960 309 428 323 19 418 80 505 770 539 605 778 538
8 303 138 317 497 331 620 451 909 591 312 633 447 680 631 876 99
5 21 664 305 998 560 438 765 745 842 702
10 66 924 239 539 248 213 320 401 337 23 357 864 521 398 522 68 651 746 710 926
10 26 479 94 457 336 544 350 419 360 69 714 491 742 131 926 914 959 283 969 972
1 366 510
8 211 537 402 720 422 424 529 434 661 836 765 716 827 228 886 970
6 19 56 31 770 153 428 155 545 723 787 918 258
5 115 308 147 826 235 556 392 771 684 572
7 307 830 344 242 605 704 717 959 784 414 862 452 893 846
5 9 680 237 948 413 794 801 761 917 956
4 80 292 514 177 576 686 855 985
8 174 844 309 284 467 528 597 852 624 319 716 287 895 821 987 282
10 69 226 212 240 456 858 493 835 502 257 563 935 588 145 602 378 721 306 974 57
4 66 976 208 610 365 706 722 222
8 49 639 154 746 173 437 283 553 340 620 372 506 784 752 800 581
2 456 586 801 711
10 46 868 67 492 90 313 303 645 324 613 414 649 570 868 802 826 838 924 863 146
4 33 786 211 643 312 495 418 155
1 321 598
5 73 324 93 498 847 767 851 903 858 1
1 22 776
2 398 321 834 983
2 381 58 475 300
3 351 285 473 265 777 736
2 64 469 581 587
10 92 651 113 134 136 276 209 993 235 970 282 272 293 480 320 545 401 466 610 764
2 419 891 843 749
4 143 590 847 693 891 479 959 767
5 136 733 261 858 334 811 505 686 576 720
8 160 660 300 362 318 772 523 371 530 513 610 807 648 612 771 875
1 615 42
3 469 662 715 838 990 466
6 322 392 482 521 589 792 640 467 784 427 912 760
10 31 851 134 219 168 897 213 640 351 187 401 75 411 517 609 122 760 240 768 474
8 100 243 157 920 168 623 232 555 419 696 493 332 738 889 864 939
1 111 306
9 30 392 77 674 174 480 329 14 347 276 531 34 691 143 761 578 831 544
10 13 332 87 939 158 580 176 552 330 618 498 396 617 278 840 933 867 203 947 153
5 374 480 388 411 494 286 606 103 918 781
3 78 417 550 368 927 861
8 82 338 362 967 366 762 371 741 416 770 440 141 444 819 634 823
9 67 954 130 524 287 285 597 441 724 678 735 837 853 325 875 752 948 812
1 235 14
6 138 627 200 777 239 709 349 848 891 984 984 545
1 358 537
8 40 331 212 172 248 504 298 52 306 767 389 525 768 144 928 296
4 373 848 417 513 501 391 710 259
3 127 326 451 633 682 384
4 329 406 744 528 960 166 979 507
7 65 669 92 680 258 227 281 72 373 401 414 506 910 131
3 268 167 386 432 944 94
3 768 912 917 967 923 295
6 226 679 253 457 365 104 430 720 431 528 544 198
6 25 320 40 299 433 725 564 603 662 854 715 421
1 571 103
1 536 240
1 118 744
4 234 586 872 736 892 977 897 599
9 17 143 58 579 78 461 266 590 339 710 406 263 623 690 817 857 843 299
4 71 31 822 972 837 987 865 879
3 345 306 478 600 901 794
7 65 250 172 933 378 69 379 669 431 985 546 195 668 81
4 468 804 692 888 753 35 906 792
8 113 663 297 28 376 115 508 760 754 121 778 751 861 155 931 31
3 150 495 219 660 737 145
5 34 850 107 560 396 606 790 435 879 164
2 69 593 552 940
4 174 633 303 251 397 776 821 454
8 125 282 498 712 520 359 543 511 554 261 760 345 904 855 983 926
6 20 245 132 964 245 309 344 159 570 595 792 525
