1000000 1000000
700
610038 100849 610936 101056
79391 483199 80480 484333
717924 575617 718319 575639
134845 686417 135312 687146
676572 223070 676968 224036
757781 774097 757904 775013
221750 424493 222263 424778
389664 790583 389762 791653
203990 183725 205255 184002
120989 288100 121047 348535
216429 205676 216494 205917
658114 742527 659153 998576
786915 372667 788111 373555
70962 953430 71717 953766
842990 146452 844172 146902
186340 526728 186627 527305
948550 560056 949510 560298
483378 497288 483648 497695
176570 988122 177094 989398
777536 371247 777554 371588
695410 997627 854481 997947
655405 783770 655661 784646
151014 589074 151967 611645
601634 686136 602250 686903
274217 161927 274618 162449
924182 302005 925103 303183
912284 396562 912968 864513
164914 543162 447518 543621
564373 421288 564532 421749
718946 227595 718996 227812
226921 52430 555824 52435
10397 586132 11607 804434
674230 970086 674402 970393
906218 262024 906802 262336
432835 651227 676417 914547
994618 419019 994819 419096
939211 164428 939465 164554
281571 177016 281897 178101
431948 168792 861286 169047
733874 950665 735063 951319
168860 139099 170042 139589
131433 558423 131790 558485
281034 236865 777705 237139
536084 365540 537050 365813
595225 420005 596259 420134
605761 735483 606493 736022
998127 153084 998194 153413
796240 3112 796463 3254
236042 449002 738700 930691
40969 34651 474808 35433
38350 675642 45427 676270
37882 882715 39169 883673
781075 212407 940868 213042
941279 815313 941728 816437
261886 574486 263132 575463
615540 710118 615811 711247
60021 500708 61216 501905
300377 434363 300433 939876
119238 975308 119831 976408
917192 646397 917197 646921
799396 42015 800278 42391
298520 95799 498116 95841
770220 149108 771278 150301
238480 213056 238813 974395
682953 715745 683784 716304
559507 655479 560445 656667
683044 133482 683120 134325
758709 785183 759862 786417
170737 702004 171973 702945
395531 400383 395996 401143
656328 922832 656623 925700
902093 167966 983567 168878
164229 342770 164919 369447
730887 734399 731593 735629
781836 220669 801664 221873
903530 613667 904058 613674
17002 802752 916201 802966
110414 943331 110986 943991
187367 536421 258015 537513
218416 917487 219235 918367
22847 684824 23438 685038
270788 24093 271542 25026
600391 886507 847439 887568
41682 562144 42259 562741
201330 223233 202496 224105
143917 43565 143980 263417
184670 265427 185899 266591
255324 886331 255690 886899
383995 583117 384435 584021
140670 777820 141878 778876
751341 194013 752580 274049
579767 260558 580822 260893
735045 116108 736275 324724
356474 388257 357432 388306
817252 707587 817955 708318
551716 738419 552334 739172
930091 417487 930602 418623
285305 151809 952341 152350
514820 135493 674913 136206
142202 917769 143491 982705
363020 20497 363127 20615
603240 276253 603632 276619
87618 232532 87930 233633
637088 445989 637120 446605
566119 375354 676723 375753
48315 293879 49170 294354
642052 769053 642469 943789
121872 535728 180099 535970
595044 996689 595876 998666
748087 331070 748203 331632
351206 793498 351922 794469
478509 494941 479763 495741
523493 448181 524415 449335
638236 482256 638867 482278
856504 885121 856685 886153
873277 501582 874216 502761
238990 273265 239951 273802
16387 741420 17184 741996
669380 532611 857963 811056
550762 505650 550997 506093
250008 44640 251120 45301
448695 301248 449907 301463
89106 411959 89545 974131
717307 485856 718046 486535
663636 710954 988266 711877
553880 923993 555062 924656
87936 780578 88955 781727
520612 331179 776852 331741
830108 95964 831206 96591
987129 188663 987746 188795
707448 596301 708268 597108
960093 803959 961097 804193
512464 676435 512794 677200
658066 902144 658843 903259
501924 456312 502399 456430
851204 210146 852314 210776
538289 963513 539332 964219
433539 438083 434360 878537
885740 569357 886755 569511
323562 313453 323674 313885
852211 761265 853284 761665
628468 546256 628832 546294
873361 533714 873818 534755
412703 940312 413572 940832
192968 538104 390347 539183
859103 645115 859894 645489
675351 648516 676500 648898
57806 994112 59100 994789
809033 407555 809599 852465
360907 933686 362012 934430
651900 465332 653196 465891
677263 446227 678157 446411
390590 450499 391406 451054
403811 869907 404940 871161
133091 455506 134009 455908
723558 491518 724052 492412
229361 181975 230557 182796
346028 598495 346266 599224
693938 361745 694878 362788
211206 765677 211917 766700
341308 737225 342461 738444
455718 864478 872586 865612
695536 778464 695869 779761
419786 886655 420812 887470
317851 245634 318055 246083
133238 636119 134087 636979
292837 425576 293054 426827
313255 698503 314486 698709
34588 384726 35072 385162
93560 841118 93665 841164
370754 954257 598514 954790
351503 37151 352536 38449
184773 71389 185229 71957
823099 767278 824118 767344
593653 910073 594761 910222
76726 971813 76760 972640
999655 207545 999994 208044
342452 563590 625158 564384
188319 934570 189606 935497
198119 572634 726631 573044
649250 289852 649926 661543
327890 3651 922754 4013
213438 192570 305359 193853
927156 716363 927483 717344
969781 753170 970055 753337
97511 300243 98356 751250
481750 363720 482714 364638
668319 454735 669062 456003
421484 94909 422288 96006
809083 509312 810224 510137
244337 983965 245313 984355
146269 159572 147490 160385
639945 950823 641229 951691
151366 429371 152342 430401
749003 636886 749543 637223
709568 335206 710713 335993
188350 130037 189212 131278
140010 388842 140320 389038
802928 292086 803545 292453
801002 213405 801468 214423
202752 492885 204049 493521
97652 935321 97773 936135
226079 775475 490804 776418
993940 330302 994002 331448
635598 341595 636679 341845
859292 825691 860329 825928
903220 307750 903994 559279
461808 755482 462204 755550
820581 522170 821483 523070
110680 470103 111399 470361
359067 137781 359853 138043
828822 308172 853163 308448
439434 107158 440542 108234
934335 102358 934544 103341
620487 540176 621214 540936
489685 395044 490120 395459
372241 675961 373304 675993
819392 400261 819716 400497
729659 804451 729789 805177
850559 804067 850649 804392
583092 25387 583999 25711
395288 406069 396151 407111
924173 381706 924663 382228
633911 588543 634691 589460
103261 36958 103760 37006
974197 215170 974900 215791
320135 613217 321381 613787
885908 554780 887058 555922
10237 56106 10732 56536
498424 134488 498577 135433
405935 734522 406429 734852
460292 557084 460485 557729
203498 71154 204054 71436
386890 872023 387474 873163
327593 474505 327840 474805
804707 437909 804727 438987
556974 4502 558169 228546
236630 562120 237140 562302
925381 819100 926536 819863
417290 7868 417976 471206
452617 627470 452677 627565
40088 536483 40367 748112
973179 977543 973661 977749
938766 832057 939634 832459
847870 917670 848388 918795
507249 734617 508097 735373
788154 217362 788301 217928
535975 931432 537036 931894
839942 766345 840058 766510
859467 889127 860122 889460
315790 501329 316970 501832
621778 242269 684135 821653
250071 654993 250613 655609
851532 321282 852063 322454
814116 145700 815406 146545
887403 939443 888484 939668
331239 148005 331364 149300
852179 13293 871300 13340
888199 34338 888607 34958
419415 789398 419724 789476
382524 583758 382917 584881
889899 496869 890918 497338
685878 654241 687065 741309
37332 98799 37437 99948
61535 461751 674472 462898
545974 90989 546508 91944
647338 247806 648184 249073
663639 675600 664156 675728
367096 354764 368308 355749
457821 168868 458102 169142
603803 62589 605006 63110
950660 666310 950816 667461
169881 410114 170815 410143
829221 444924 829639 445832
124832 997281 125273 999395
701370 205763 701704 205830
193550 472662 193709 473861
543364 963887 544135 997968
838794 251586 839591 252461
491026 42640 491790 42810
116214 906872 117071 908164
454504 523636 455154 524258
861398 823456 862198 824393
393064 660497 808312 661016
179481 749510 180224 749832
594009 14277 594905 15025
956559 73243 956659 73740
900632 212368 973930 213062
419217 921194 420270 921751
733694 65100 734058 66166
158860 904719 980377 905723
623164 692711 624322 693239
355485 581597 355573 581802
222420 523924 222739 525021
960451 677509 961491 677673
54613 261416 55618 261834
361354 31486 361629 388674
571641 722138 571883 723321
360283 792648 361344 792963
629137 656311 630072 656563
997057 99875 997700 250064
753161 693637 754345 693812
314004 725385 315216 726076
417074 370395 418093 371444
270599 664010 270688 664658
100897 767340 101896 790636
676410 275394 677476 925749
853454 435900 854232 436283
844826 146641 846125 147854
564912 783634 565981 784362
630441 696857 630922 698116
539112 582715 539271 582784
705008 929004 705200 929088
553837 269957 554365 270118
855549 163975 855644 164476
391246 572485 951807 572784
37859 723547 38691 724263
752642 882491 753401 883782
231601 56517 232626 57022
848572 781224 849022 781817
897070 446511 897832 447790
776874 87696 778146 823664
619374 480823 619448 481072
286944 98958 287595 99722
729556 656647 729932 657748
145606 646314 146627 647056
563037 271483 563098 272063
17491 227177 17973 228330
333846 13118 334110 13939
981200 185788 982416 186343
136520 11100 137304 827057
162542 351153 163481 351918
389574 475635 390007 476882
62118 666119 63203 666226
830740 250754 831715 251560
318156 332508 319025 934019
709981 829668 710963 830021
552150 261166 552357 261971
965304 320701 965570 320704
37617 196904 38097 763205
119039 231525 119478 232492
511391 478856 512348 478887
956732 198944 957186 198951
46465 952391 46768 999236
604961 497389 605941 498681
51515 992958 51560 993581
249695 914592 249969 915508
223914 680763 224356 681786
31578 310966 32848 311036
234873 398538 235517 399442
789654 523700 914805 524428
973089 659362 973633 996130
610914 159702 611418 160311
515103 377453 515581 378170
584023 764506 584100 764726
713876 903164 714806 903979
824317 651264 825539 651626
104410 334676 104758 335894
108301 984879 943197 991791
785428 54375 786544 55252
705727 353834 706569 354851
779551 629105 783145 629810
820152 830661 821263 831665
501333 774873 501564 775811
12162 97256 13319 97985
691031 896763 691344 896947
748137 773955 748169 774901
362206 882077 362722 882342
965089 107498 965219 108738
347713 754457 348154 755192
484051 769844 485290 770944
232335 48257 232338 48916
261601 737282 261929 809228
101769 884496 102609 885039
114592 55732 115184 599897
472128 68989 472597 523707
396212 633333 396965 634446
381945 70822 827954 70900
903413 761718 904542 762421
170237 158987 170453 718875
551849 363405 552448 363633
951502 121472 952767 122342
870752 124150 998773 125026
39925 567880 40241 569002
602726 892984 603276 893562
847467 293453 848303 294255
841419 62270 912801 63358
12335 54465 891434 984646
737727 516836 998109 517782
222992 221877 224022 334335
494899 756119 495645 757114
700556 444341 701361 445122
766885 907129 767606 907855
194697 629503 195426 630564
32833 160817 33193 161920
308409 237420 309053 238377
741672 762364 742362 762423
985569 21721 986057 22965
465596 784735 466251 786028
766861 27112 767311 27448
959541 298386 959643 299004
677679 620957 678360 622200
125460 393267 125991 394536
842591 913383 843273 913594
985437 627651 986468 628660
867131 532849 867261 533949
607921 747151 608884 809219
452610 724256 453586 724475
982030 683730 983075 684742
287920 396939 288694 397045
175055 782207 175418 783256
661889 5120 661984 5934
13694 727222 37326 727361
659187 51795 659616 51818
651591 123124 652155 123373
292 901502 930 902189
51535 781941 52496 782301
452807 567681 453297 568603
134713 478605 135708 478794
601042 325508 602114 325851
551114 858733 744971 859406
773134 544038 774392 544277
283177 702218 283601 703091
963959 994853 964150 996025
696516 960882 696587 961947
735984 289326 736660 289385
583878 366106 584419 366848
850146 616384 851046 617583
15697 149648 15925 150833
475537 248205 476797 728484
470016 585898 471131 829839
144358 749601 145238 750620
208588 512763 208820 512964
13645 339673 14809 340242
170476 235698 171147 694365
839425 522768 840589 523237
283092 914421 283283 914726
162305 286744 163071 286781
480973 48091 480987 695707
245900 265044 246944 265251
309000 930811 677359 952263
184339 338510 185407 935846
727777 247111 728108 248186
227464 316444 228416 317131
895634 329717 896476 330952
316166 165282 316777 165568
122001 965940 122959 966571
638980 565919 639595 566597
494963 170571 495588 171017
155291 420273 156352 420943
512107 262038 512227 262383
253090 721783 981805 722843
146944 602533 147312 988892
10128 755924 10721 756161
480558 902790 819721 903534
551666 794598 551810 795622
620829 283777 621589 284746
994868 844642 995652 983080
700210 690205 700689 691222
295215 822834 296255 822911
109943 734782 110120 735989
219377 485615 220034 486116
746190 250232 747311 250492
569609 470529 570473 471805
265326 205343 266365 205849
274741 502621 275366 851835
266246 297960 267469 298013
961958 116052 962363 116735
846967 594907 847753 596149
911626 531988 912449 532156
46465 395571 47443 396327
149925 945462 150066 945892
471956 761499 472541 762058
194001 791990 194728 792920
806303 660708 807013 661578
665903 202180 666423 203054
261614 121202 262254 121686
733846 56916 734665 57779
664337 165031 665627 165154
770062 381268 770787 382109
372511 259441 373394 260250
637198 949090 638498 950355
894870 237695 895233 972680
283490 758044 283897 758867
797657 801001 798723 801739
26696 433653 27979 434030
475649 656436 574831 725693
456823 6405 823308 6612
45602 178623 46743 179887
517866 224219 517962 225028
708667 725841 709943 725874
516688 230083 517390 230612
116796 500947 117451 501521
796632 853135 797256 853161
213619 113962 213793 114376
336519 362923 336673 363062
931255 999382 931403 999488
43758 771776 342373 772980
67142 53015 67994 53767
279226 338582 279521 338781
93726 883303 94498 898830
759192 750358 759459 750869
222691 836980 223783 960927
710186 83942 711067 85005
178539 888614 179122 893682
937064 164415 937234 164815
329424 394952 330468 395496
875890 875583 876651 875977
825274 309801 826018 310981
648986 295282 649241 295434
42409 560036 43625 666853
36932 385192 590065 385663
646135 467194 646371 468194
544421 890818 585745 892056
344092 222512 344232 222782
729723 11416 775400 12361
114509 274332 115767 274772
992707 697756 993351 698851
290690 574268 291775 574434
254706 448930 255225 449321
107866 837233 108663 837655
615058 349098 615559 350248
701198 483000 701934 483800
696668 571840 697904 572948
187811 217896 189076 218840
16055 739589 16790 739849
341155 391472 342122 392466
797051 570356 798189 570822
192893 638790 194081 639069
930593 948696 974657 949065
579831 711059 580555 711244
499019 500260 499311 501100
850331 367273 850940 367546
478396 132009 479357 132729
669398 357004 669408 357133
478590 532246 479886 532933
19476 141706 20553 582509
761743 608358 761799 609284
150187 999354 150275 999387
105592 758988 106181 760121
972064 540787 972354 541690
559566 480929 560051 481029
796568 385109 797684 386049
378034 966763 378264 992652
155036 289320 155259 289930
490761 70929 490923 71492
755639 285433 757420 286504
553523 736243 554660 814295
140017 786933 140255 787040
786845 845797 841495 862087
719478 560125 719558 561148
559457 475882 559992 476672
822238 978229 822603 978890
276235 804404 276843 805010
335207 286988 335834 511582
397838 650606 398712 651562
779655 874117 779904 875089
292926 596572 293344 597700
780984 746230 888439 746359
772840 407608 773469 408898
690675 748066 691568 748132
581450 563760 582015 564235
925133 666672 925738 667090
923901 212939 925177 212982
184857 819130 185723 819465
953591 44122 954667 45227
663757 913341 665001 914031
465216 149829 465304 150268
818935 897138 820094 897231
616795 510951 626816 511067
540841 10830 541331 11586
991459 676862 994654 677494
373266 136914 373971 138120
591899 289307 592641 289828
571192 380309 571686 380720
193158 953457 194386 954655
863221 256545 863513 256899
836214 771969 837396 772903
679647 473364 679652 473371
739302 188703 740293 188978
632392 690636 633208 690675
846101 913265 847179 913353
531298 733259 531393 967063
138278 867787 138648 868854
988733 809649 989589 810461
942483 415165 942853 415387
993810 353872 993991 355046
110013 877664 110264 878314
655451 296726 656139 296915
438649 266275 438822 267056
226538 44590 227799 45736
538240 688131 538586 689426
708574 961220 947917 962345
419266 801538 420006 801967
86906 188254 87942 689045
204111 941498 204844 942140
700910 726862 982344 727806
500122 550682 500348 550869
767313 78019 767557 78553
356986 942362 357588 943035
921497 794950 978206 796038
191875 281171 192143 282372
297906 706853 298647 707937
699101 15038 801424 16001
62740 454642 64009 454834
384428 622155 385662 623235
854034 452329 854843 452556
858063 666335 858266 667351
15197 954270 15345 955138
847841 249730 848686 251014
648769 32498 649744 33244
983717 438874 985013 439229
995375 770932 996226 771969
629077 658700 629589 659569
741391 462338 742632 827105
897977 646330 898912 646944
450110 308493 450545 862464
798033 464937 798166 466168
41484 546052 42617 547037
789834 765311 790145 765539
739265 710162 740462 740824
630448 362128 631671 363234
530790 711539 600451 712597
20166 229318 20333 229582
267616 665760 268873 666885
969005 27924 969387 28246
760616 132475 761516 132617
844865 57167 845140 58209
27381 507904 28324 509135
851340 900380 852102 900876
854008 869140 855271 870290
740817 245987 740971 246268
412628 326586 923539 327478
991749 346958 993027 347843
145792 973091 145932 973315
279534 464484 583785 465526
84477 711020 85451 711403
982841 137503 983035 137758
435255 160216 435329 161463
897699 988326 898906 989139
897623 771908 898106 772734
892232 127910 976540 129196
12939 218182 13984 219331
415579 436232 459209 436267
262561 139439 263249 690970
203966 758183 204949 758725
355779 290265 356395 291297
469583 953491 470863 954782
200627 666215 201247 666661
331205 299247 332433 300517
120568 830864 121557 831898
827793 989639 828518 996286
48551 300394 49845 300748
117350 461049 118600 461842
17670 838882 18228 839683
65956 260923 66754 261695
664171 608113 665404 608656
535073 639100 535110 781225
812919 879700 813530 879978
45306 285291 46381 285615
159201 884310 160222 885317
279140 27764 279566 27788
103794 971967 104717 972011
792719 480148 792967 480639
986476 935004 986482 936251
633767 159618 634657 159823
185860 913451 186385 914092
229433 302556 230400 302839
249329 210318 643219 210620
917888 632994 918088 633485
584493 832609 585525 833291
563333 721088 564391 721589
381766 536456 381937 537584
564065 432720 564190 433838
470387 694455 470967 694617
906085 384031 922552 384240
438317 251591 438843 252856
799652 400848 799653 402120
16038 691155 17248 692050
864 135655 1808 135842
9046 350707 9587 351299
2956 176398 4106 176882
796345 999538 796502 999939
714979 387128 715826 387720
280832 554169 281594 554447
697542 474448 698545 474626
145602 31584 145640 933270
442760 217474 443030 218052
927253 696396 952874 918658
27102 598526 28010 599530
600376 280320 600451 281459
202333 986585 202449 986792
955793 700178 956229 701227
646037 948699 922166 949484
364370 895144 364732 901592
631742 494030 632972 494409
534035 795139 535279 795815
587433 73669 587649 74502
407801 153879 408438 153902
470651 335340 471462 335959
