1000 1000
100
219 58 240 138
161 129 185 679
503 849 531 867
65 439 67 447
117 425 142 433
422 195 434 200
506 664 528 666
70 410 690 432
274 875 671 882
265 259 684 280
888 636 918 655
655 265 671 272
676 163 695 177
316 96 341 107
458 395 483 416
385 310 394 324
83 292 111 293
835 144 955 799
67 615 92 642
147 240 163 261
775 331 788 340
93 697 999 921
863 447 870 449
3 696 31 726
407 8 425 11
236 727 548 736
741 422 748 437
480 411 501 427
624 830 636 844
144 859 163 860
531 290 545 956
830 324 857 343
545 239 552 255
469 90 484 93
651 100 663 113
735 488 737 516
285 471 969 481
418 211 775 228
285 229 308 257
202 835 231 875
830 956 849 958
280 317 300 328
972 851 974 869
425 352 441 927
755 55 766 77
484 493 512 499
973 700 995 709
98 421 116 426
581 856 583 881
884 791 886 801
44 505 221 518
967 91 972 99
415 482 424 495
561 726 570 753
365 166 381 182
712 630 725 643
865 275 878 282
123 85 138 107
149 560 175 583
658 323 682 342
892 572 902 593
46 335 71 336
143 524 149 527
298 770 322 785
572 925 827 933
74 28 89 588
583 258 599 312
30 251 51 274
485 144 489 156
814 64 834 84
553 666 575 679
393 289 410 292
612 842 622 851
159 96 166 717
241 688 839 691
283 851 296 971
778 790 793 796
315 751 321 765
519 535 535 561
813 474 843 798
635 360 639 375
681 968 700 991
14 562 930 574
582 573 864 599
575 151 601 169
627 431 656 452
496 181 524 622
799 31 816 53
640 86 954 108
802 605 832 753
692 206 716 478
766 904 779 928
830 37 859 56
217 725 234 737
223 780 560 805
314 296 708 303
565 650 572 661
977 913 980 921
870 773 886 796
241 85 252 88
