1000000 1000000
800
767577 568634 839609 569363
632716 621279 633070 621309
517727 928338 518121 929806
340840 129878 341985 131920
179598 614609 181746 615238
907491 675132 907941 675232
684308 950212 686050 952021
425757 865298 425895 865728
599506 168872 601384 170443
523151 44450 524047 44894
267777 343493 603605 364762
279970 31406 280351 31610
614704 752139 615582 752892
693470 19424 694199 20530
471041 608736 471788 609036
265237 222113 267022 222352
709958 166803 710394 167751
625161 380545 625620 381345
694518 936296 695515 936524
147829 697384 148988 698157
540309 446500 540500 881330
961360 934049 961370 935408
609843 35714 610068 36771
680254 189163 680717 190009
696297 254348 697600 255318
139756 743185 142403 745594
928760 829287 929488 938569
296466 439370 297764 440154
723722 282336 724262 283067
477399 703133 479130 704339
325466 551 326410 2392
320657 311158 321492 312676
721704 387492 722165 388167
293998 246774 294442 247150
829513 560508 832335 560628
558311 4446 558899 4875
860073 486307 862008 486462
613964 463267 615286 463734
319992 693411 320629 694125
617970 384535 620280 385216
247259 302557 248940 303006
447241 448990 447352 449442
952422 397620 952857 476211
970413 31282 970526 33064
351790 969649 353758 970413
444164 879643 444685 880420
177670 504677 178675 505076
856341 395540 856918 398137
576701 602758 916608 605299
793693 466125 793887 466244
828387 361473 854999 361512
380154 796479 380302 798094
798232 362646 800908 363402
671006 628585 715632 630907
537048 352726 537576 355033
717803 724552 720684 724620
252652 938622 253124 938673
878995 861984 879014 863411
278006 805304 278929 805534
712958 153252 713008 155149
432315 303324 433007 707263
703479 822479 704011 824367
466819 837511 468648 837711
83818 328974 84537 330048
237180 697831 237235 697913
510818 612112 861933 613327
574363 617397 577084 617843
445134 303036 445319 303573
685770 767838 778102 769325
34265 218109 36143 218984
55976 924459 57731 925279
831360 989573 832931 991354
260413 445253 262261 445926
370697 143950 372356 144088
154218 235935 154291 235986
929901 31454 931559 32351
836778 237983 837837 238854
894635 756958 896560 757280
567095 316521 567258 316559
336487 42022 337897 43701
715388 273349 716357 918636
280270 343289 280470 344074
208891 994398 208949 995417
720551 181894 722521 182826
838744 573878 839048 575005
97 44174 957 783706
317013 887265 317139 963646
201942 412149 204082 412454
364709 992146 365199 992991
849998 269790 850121 270191
341295 154172 713717 154903
790793 716951 792475 718028
694429 872971 772421 875090
412071 228350 414323 288496
597972 290198 599985 290656
635560 895735 636135 897236
338505 981516 339049 982517
848973 315673 849798 372084
19640 87275 20078 87875
826597 860700 957631 863114
666126 38235 666131 38379
275733 576497 275822 577417
713063 529780 714653 563507
681802 132307 921837 132635
353556 138827 353609 138937
734366 997471 735448 998040
572647 12882 572652 14186
628940 524052 629639 525999
1417 444064 2232 445228
941956 544018 942647 545891
63892 907240 64702 908210
218680 899825 219131 900567
742694 942510 745438 942529
577206 534362 578892 535605
488880 770736 489151 772609
778395 655321 781220 845994
710934 242651 711334 243577
142295 41586 142620 44544
868676 60096 868932 62507
23969 282999 24414 283319
83945 527313 84660 528236
540859 756393 541333 759075
137033 926501 137120 927639
652641 947032 654307 947627
213917 72910 214027 74364
820670 163006 830055 164754
641648 54001 642302 54960
383682 757882 384019 759077
513925 533118 516295 534249
320305 232529 320371 235333
586284 995053 586792 996067
761746 452985 764637 454812
122179 841025 122912 843410
511483 547821 834857 548721
509097 630970 510709 925791
951697 205882 952519 207018
75015 64842 75937 64869
993955 126966 995511 128347
247461 694837 247724 695546
446153 370011 446197 371155
480765 200355 480950 200706
776675 391727 777702 391967
26128 591133 26487 591147
168495 124848 169352 126474
760188 459735 761163 459887
864798 294713 864818 295411
518374 606207 518822 608718
635435 817924 635714 818092
264423 999335 264579 999635
767078 214358 767362 215567
696878 407589 698296 410095
843030 351645 843327 351941
463720 713272 464275 714734
677829 486927 678214 487357
693843 52036 694929 52153
683869 74076 684715 76788
718054 675353 719899 676021
993248 806103 993310 806673
234486 412641 235605 415597
683313 237325 683493 237868
806046 379442 807033 382319
579340 414705 580874 756335
971131 963207 971767 963486
354699 545621 355019 548469
856814 158970 858308 159150
603999 687760 604281 687876
956397 662860 956811 665625
450035 446251 451028 446609
145342 408142 147340 408295
268601 40438 269178 41381
895349 539196 896428 539796
848200 297892 848642 979971
439104 672096 440070 672701
71908 456596 545940 574646
169653 441350 170183 441677
281767 366138 283712 367912
711771 241218 711786 242102
125311 248212 126154 249462
833476 931927 835669 932899
298932 456544 299612 457086
899652 554196 901821 731343
979965 214572 980419 214753
641440 796005 641506 797462
143009 151758 143891 243110
516906 854692 518102 855601
540654 702566 542650 708162
240562 249462 241177 251482
417198 531690 417675 533958
579045 672662 579149 673994
328273 792300 331128 793814
84479 52752 84877 52986
144702 143347 147199 144100
285863 698366 287536 699436
428487 26701 428985 27499
385218 513835 385273 515153
108946 550350 109362 550415
877538 791692 878636 794436
874730 887877 876014 889280
229224 443631 229609 444416
179962 184262 181511 315350
203938 662367 204684 990143
189137 480925 189940 480988
649175 692369 650213 693059
818732 947446 992753 948723
86506 181754 87566 183174
687339 179901 687592 180829
15992 974585 16504 976502
803886 234808 804580 235174
540245 98676 541165 100804
874219 857174 874694 857733
977839 318619 979189 319342
120296 470588 122018 472090
195046 956748 196116 993069
467901 234572 469393 244564
617243 267282 618176 268095
251370 51046 253400 51903
635118 714671 740605 717169
654506 630773 655176 865181
276197 559963 276601 561590
203865 943479 204498 943631
521231 102360 521677 920289
88097 637857 574940 637997
774576 299439 776188 299562
611277 799032 612626 799314
508913 940714 511876 994916
816252 769783 968532 771759
334013 113332 334796 114585
943891 602298 944275 602596
172737 793080 173518 793432
877676 93443 879319 94034
490103 54711 490284 56415
80497 287840 80721 289294
217936 969886 315200 970502
685488 612080 685686 612345
114380 672570 114633 673671
564647 770954 564971 771489
178269 787659 178810 787871
933464 823122 934307 823299
472801 10167 473036 10440
334338 535015 334724 537780
204044 777329 205220 778196
834542 176857 835996 177639
37961 789136 38017 789237
811935 330293 812046 332668
291607 84983 293829 87781
531951 600802 533337 601398
717382 519826 719141 522369
505882 90228 582385 92223
308025 338006 308459 339941
126197 261946 128821 262647
233004 842512 234120 842812
468350 918281 469476 918888
703138 425608 703400 425615
908810 717670 909991 718500
25575 492198 25929 492430
701167 782482 702471 782624
32353 662358 32706 662881
118773 741919 716610 803138
532175 924288 532827 926059
340356 980454 341254 981340
545208 181305 545248 182047
446254 948842 448548 948973
309545 10871 311565 221707
916523 932912 917720 993934
490276 402614 492061 404363
506402 663172 506921 663297
834252 454505 835652 455173
683542 128980 684157 130196
332662 476452 334413 476735
672621 675482 674105 676350
583858 685974 678014 686143
681381 472390 682328 475207
796107 176695 796775 179026
403630 595664 405571 596552
792130 249701 792275 250436
59387 40797 59711 868068
211574 376209 211752 377254
848542 95695 849471 95746
473480 502093 475312 502899
839600 657025 840811 658992
10522 673146 11466 675472
4195 554839 4686 556428
243708 60251 244862 60375
316818 715391 316911 715557
541979 136836 542944 137929
546304 19150 548976 21836
580988 508433 583523 508669
109975 730738 626003 731631
882131 537967 883714 539703
649775 320044 650063 320414
162718 90975 426667 92365
995 311469 1696 313519
170552 687868 546547 689117
851140 752510 852604 752586
671561 621504 671878 745889
717585 702619 718127 704022
466390 768696 468165 769315
520012 668372 520394 882060
30304 164931 30496 165986
481523 313651 816642 314963
973021 500993 973995 501297
505915 409933 506774 410971
587813 944830 589203 987126
242229 107626 243515 632904
664228 306353 665793 306754
238335 973977 239559 974775
964730 798352 965844 799855
24116 855121 25750 855418
360932 348481 361214 348714
176694 58734 178108 59136
493244 319637 863371 320879
101474 2410 102994 3125
883943 118519 884081 119900
749104 957074 749407 957622
448466 640705 450052 641865
168739 261921 169249 262698
528198 12959 741115 14517
505579 358202 505698 877515
733310 434415 733796 434477
908065 371580 908716 372407
838561 568387 838961 569081
19056 235403 19530 235862
157512 220849 159207 222456
363744 980008 364397 981895
692135 820120 692462 823068
781826 218028 782714 220029
858507 80978 972054 82684
276903 570050 277502 572740
631353 177623 633351 179190
890246 412766 890867 934003
580323 601783 580354 603266
98097 115768 98222 117265
544790 452600 545762 453174
147372 443527 148371 445952
865460 266841 867434 267362
652481 951481 653404 953481
94807 956180 95749 956242
856770 177413 857192 177980
2823 165344 2891 167291
98554 808212 477543 808735
216287 987441 216880 988159
956184 396277 956266 708820
889975 785535 890184 786854
311668 242293 311685 242406
125151 87775 125207 89307
341866 200602 601445 201650
168212 902055 169521 903691
273551 519941 275032 520919
579205 651246 580058 651249
541549 433650 542201 436435
110488 221273 110710 223135
149590 500972 152257 501994
778520 225930 943597 226299
130690 176786 526972 179271
745937 390077 747506 391665
697493 393265 697958 393942
666831 105516 668328 105642
860274 544548 860702 544786
434997 825764 435841 826287
851175 326871 851245 326881
955012 831109 955381 832193
247999 458078 248538 458998
749134 115111 749954 116366
735896 279746 737488 279750
148942 132056 957669 132271
854987 948582 855332 949259
172162 817201 172454 817651
893098 949334 893126 950198
87994 637493 89589 639322
533451 245977 535330 247979
606657 346355 607018 346976
609311 33147 609520 34782
970817 995259 973392 995784
403355 380854 404530 382095
715217 982177 975670 982446
619767 852411 620752 852850
109212 713033 109885 713592
388928 235724 782777 236423
456808 731471 457529 732457
517903 468487 518247 504232
125877 727786 126660 729273
616674 532111 619124 532972
38885 473982 39668 475582
996234 230486 998587 231882
731221 359403 732146 359798
48841 883662 49929 885793
14700 294224 15097 295061
684324 734645 685084 996442
909330 11343 909941 12159
552815 871174 553794 874040
730452 796808 731739 798227
399062 731431 399732 732040
971582 693208 971838 693844
152158 168899 153156 169318
187035 302365 189410 303363
834016 53065 834477 731373
387084 107366 448307 108312
880589 205770 881165 207750
65183 21467 65229 979605
69060 122860 452922 125361
499087 728892 499119 729033
912088 561464 912469 562002
177217 30926 180065 32920
811741 931539 812216 933261
740447 618719 865029 620013
818805 342425 999784 345199
396453 667642 398029 816131
459089 846404 459104 849134
787419 139536 790114 140727
114183 320212 114398 320590
765036 404764 767124 404971
428751 500454 429377 500637
645641 417893 645991 418901
277806 870633 279054 870825
85856 181052 86760 181765
99858 427065 100654 427384
103190 162351 105842 162882
632034 670782 634706 672543
891575 858103 892188 859425
636214 714578 784111 716115
659906 167917 662713 168181
667928 315696 826727 316166
865852 845254 866818 845364
480331 311525 482318 312299
883816 955706 884310 957158
805129 360377 805167 362431
416026 604269 417022 605386
625028 322567 626149 869824
755868 486419 814431 486689
547730 509855 604412 511191
616369 18870 704453 20364
57087 519084 972309 519447
802984 907534 804575 908781
180402 121001 180843 122367
232447 982811 233808 983165
349139 210482 349453 780695
95061 436050 95132 436297
179173 919439 179967 920092
747114 129929 748521 129968
974660 789564 975766 792363
849331 358749 849441 359999
639642 440290 976025 440971
315060 16384 316236 18338
366133 393988 366881 422460
304983 389791 693667 391600
352577 942866 353265 943148
616280 452751 616597 452818
667107 51969 668975 52019
188633 365112 191233 365958
31148 987512 33843 988152
610349 864616 612152 865469
23996 90973 25839 92014
104747 119032 104804 119049
315308 165343 315523 167187
253066 106145 255340 106176
755754 316568 757344 319235
200545 40937 663756 43479
946927 330490 947155 797131
356995 491355 357469 492100
448136 108223 448228 108809
46413 624936 46960 625047
566345 882827 659248 883702
117303 963175 117939 963659
365999 506255 367775 506835
967110 608881 967202 609751
895201 869260 896072 869348
425698 67979 428335 68941
348257 250188 955402 251186
947143 556232 948691 556839
27666 381612 954338 383315
564859 766038 564949 767515
353881 938225 356347 938238
17299 134397 17735 136149
10275 107985 11457 109297
707809 661941 709328 663853
385857 508049 386314 508110
702590 15532 703649 894061
558036 377460 560296 378012
574758 147071 575431 148206
68020 694787 70629 696147
687475 480357 932577 483206
118189 28924 119152 31222
991848 697684 993745 698209
341215 254005 341596 254478
521380 946647 523328 947665
575607 180250 576826 181563
705633 506430 705804 508256
246923 722400 248374 723006
41413 866896 42400 867773
977533 896006 977580 897350
420434 604182 420964 605559
31569 701416 31747 701571
112840 650289 114628 652462
114812 56340 114837 59153
926637 768540 926639 768885
588396 962484 588759 962865
214590 737833 214919 738007
310675 778218 438611 778562
649820 564509 650112 566996
737267 234907 739926 235539
523093 993754 523960 995058
227875 491053 228542 493106
110140 75464 111743 76272
320270 234098 402334 235261
397363 763550 398051 763676
378522 508264 380499 511166
223431 845722 225765 847506
55558 74958 55610 77675
363316 926526 365494 926865
582391 656075 584876 657423
203091 821408 203222 821651
46703 129083 47695 432046
942752 505928 943430 506598
501526 974698 501714 974704
173797 602771 174715 604521
838484 573628 839573 573828
699057 354435 699305 936622
77515 458215 77773 460718
595186 954376 596904 954557
840338 665459 842026 666739
17378 439715 18496 441803
931979 623061 932853 623470
238374 55899 238696 56590
363815 352322 366437 352893
334645 960601 420743 961584
702364 428615 703139 428961
775921 958686 777381 959509
692499 495243 692631 495513
541615 977271 543525 978141
267257 492055 267859 492625
702908 955036 703292 956957
807644 654082 810576 654372
860809 169155 862393 742069
506363 507152 507809 813576
368822 381858 369644 391535
788696 953192 791234 954389
468846 18091 470633 18946
524735 854626 525451 870075
433520 893336 433582 894358
672029 837657 672630 839539
627410 574687 627934 576927
64157 750524 288661 752284
370413 694821 372579 694928
258934 714043 261260 714238
18405 822668 19041 823285
646969 571556 647195 572156
260528 904029 261439 905694
523547 547348 525171 964911
481157 432183 482284 432704
763623 805556 764276 805673
464716 904861 465834 907298
513871 574080 514556 574412
78917 151727 80385 151784
153217 695132 153666 696860
705403 977800 706072 979059
452968 967563 453667 969459
895381 625019 896102 625556
84488 355876 85696 357470
654031 970461 655113 971452
270899 915508 270907 916690
715628 551195 718342 553916
412721 174903 412733 938983
698780 425379 699109 426120
594467 649151 595137 676340
959331 51525 961573 52413
576862 664479 578557 666202
245799 42867 247366 44137
16777 208623 18490 415351
749905 334631 750452 337550
677873 846775 678429 847081
989853 681789 990809 682525
430938 801589 431445 803484
410920 24323 411714 26094
884481 643931 884747 645773
791394 821682 792791 822176
736167 733117 736870 734305
26671 815929 26935 817150
290346 498179 291295 498571
939059 681809 940730 682425
485762 639648 487676 640593
942033 191811 943362 192128
726560 388508 727276 389400
406787 431076 407677 432045
148606 916626 148757 918531
468048 401388 468525 403212
558865 151465 559450 153012
232045 944410 233166 945363
225494 765700 227319 766206
660810 562204 662458 562891
638040 757971 899128 758087
682778 733632 982621 734302
843 465348 1756 465590
421622 464824 423434 466079
57386 429949 57876 430429
996813 941579 997304 943473
433092 516693 434878 518659
294131 488442 294199 489303
952727 5965 953172 7336
620026 110701 620238 110962
956652 523537 957600 523895
920041 442151 920254 442933
541834 118671 587277 649536
572258 936168 574063 936389
206790 629667 207167 631289
832870 568229 834110 568337
447389 621330 447716 621426
809917 349466 810834 351314
469491 57702 471746 58134
832106 131257 832792 131285
706446 716056 708182 716205
188761 321552 188993 323847
21791 126207 22679 127158
660212 72592 662883 73004
679947 604556 681773 622644
128415 85469 129488 86630
526885 424082 528751 425609
686953 809325 687371 810240
93442 84636 94255 86187
304632 71233 305070 128308
60687 156076 61563 157768
521190 70270 521862 71960
766626 160286 767417 161023
165058 854775 627408 957174
439351 449313 441443 450764
236374 48893 236963 48951
433440 210165 434074 211203
405752 248524 407363 250232
361888 441370 362711 442003
462557 290891 463364 430217
474118 37147 474369 364552
409801 686962 753767 716953
589547 541323 591476 541412
450043 159800 450382 160710
619831 568589 621956 570304
258743 192079 258851 192838
244934 422133 245459 937883
611324 538173 611925 539254
965659 455854 966469 456373
582306 717973 995569 718561
634091 257321 634949 257480
789996 745923 790889 746847
497493 309120 499296 310347
31672 699759 32467 700317
766567 470753 768494 780312
614119 76161 614413 79054
664115 613531 916782 614432
152345 669194 152798 863619
947524 657419 949521 657805
916902 284260 917458 285126
672742 202619 674762 203533
846015 677257 846498 678942
430658 627294 495921 627941
874205 12297 874970 12327
446616 345480 448321 346981
586032 101500 587027 857159
772456 598354 773244 719698
332186 629349 332414 629553
950165 313283 950379 314916
889491 827881 889592 830278
403839 350741 403870 350928
976247 793331 991797 795604
168245 410232 351662 411512
629446 727897 991676 728867
265792 10866 266780 11090
570399 592193 571473 592499
103237 212858 103691 213020
707169 316135 707224 316819
500359 727868 501229 728065
447471 565232 553677 566182
967603 143945 967613 145644
221454 485536 533549 486133
188908 396188 189012 396725
109503 758108 109533 759441
422969 267352 423820 269810
127521 726903 129103 728178
597015 755671 597130 975587
858988 449195 859484 450825
629615 355561 795707 356483
542780 31316 543259 32805
104341 349998 104527 351106
508836 312534 811156 314167
994467 224385 994904 224711
256297 283130 257289 283943
136247 171972 137473 174517
211429 962978 213217 963380
91057 97776 91272 99078
839410 249258 841268 250512
457625 170304 459654 172084
536029 434117 538264 434445
194295 936502 221029 938778
476554 386668 477068 387708
238544 604255 239677 606167
430407 205212 430556 206153
458829 899771 460495 902135
435047 435821 435945 436023
972986 237551 974341 239659
125046 499977 125996 501417
534971 877096 536202 879541
948272 681334 951067 683131
477159 672386 478024 946422
266266 827098 268817 828906
339863 416178 340066 416226
537795 875466 538679 876896
35721 454279 36318 455035
104639 672693 105288 673479
332011 428651 332468 429539
780506 248612 783027 249110
464763 19670 465292 812422
156919 174405 157613 723497
636433 861339 637413 861693
567043 343738 567190 343919
628708 137670 630246 137838
698748 412116 699321 412575
744329 762850 744445 764540
733199 516664 734757 788760
768004 333639 769861 334476
863344 925952 863619 927263
251435 941542 252351 941941
959855 161204 962007 163450
393911 407488 395635 408149
215136 881781 215300 882246
754489 592228 756407 592440
133318 927288 134277 928660
319186 774600 321957 776434
425254 511596 426653 513542
530070 780856 531062 782203
705438 27091 706547 27920
151864 300659 152095 303400
841987 425806 844214 426776
403398 201061 403445 201130
135032 426623 135067 429496
689689 925478 690436 926210
328178 11765 329489 11840
14205 385401 14507 386165
318491 961197 319422 961796
853759 449276 855502 449500
596090 909799 599004 909854
461821 222185 462758 222356
15714 534826 16092 535095
662252 308869 663572 309382
865087 850222 866372 850457
11057 878879 12269 879160
732551 153696 735031 154050
924884 775260 926718 776281
69394 816468 69626 816736
461380 442382 463979 510744
938611 182057 940598 184772
430492 730153 431221 731031
233512 152806 645315 153298
863492 395888 864961 396968
904892 714554 905269 737026
780407 428905 905068 472397
880209 736307 883164 737520
488052 770911 489372 772141
793818 625416 794152 626874
743930 229041 745536 229529
582632 304505 583620 305495
180122 920861 180760 925189
80512 712795 80805 715618
685448 861896 687035 862883
305322 3210 600609 3729
738020 540440 739635 540553
722085 497902 722889 823251
920336 945730 921581 946281
147467 729005 149768 729221
262130 325345 262220 327417
555815 95267 556948 95392
682310 976946 684224 977745
880559 411939 881273 413914
668951 371850 669329 373101
595910 657924 596342 658035
847012 841653 960418 842358
321745 36766 323345 37514
79234 875545 81724 876168
817288 34355 818018 35246
418929 909122 420760 910837
732630 710916 734509 713451
318479 211777 720087 212654
482593 280292 872886 282830
541829 597499 542113 597530
171294 779009 171857 781848
882175 98394 883042 98929
374438 799178 376266 799623
371214 688357 372136 689276
518275 134376 519198 134556
435010 705108 437269 705827
13946 701298 16037 701521
872877 521481 874151 521842
492030 588791 493892 589666
47524 679824 48273 680581
899986 516424 902442 516824
909330 154411 911655 154646
857341 980739 898840 980863
558097 870875 558202 872781
677009 374084 677700 374169
740900 201126 741162 201785
657634 732596 658338 734431
640052 367999 640778 370524
488483 864297 964249 864909
37761 932937 38182 933272
