150 0
10 1 980 5 972 8 999 11 994 12 988 17 972 24 971 25 990 26 980 30 982
10 975 984 977 975 978 979 982 985 984 985 991 976 994 977 997 1000 999 976 1000 993
10 1 993 2 974 4 996 7 980 8 978 11 985 12 994 13 985 18 995 24 994
10 971 986 972 983 976 981 977 994 978 989 985 994 986 975 987 989 989 971 996 990
10 4 992 7 993 12 977 14 991 20 988 22 994 25 978 26 980 27 983 28 978
10 976 986 980 982 981 985 982 999 984 984 987 988 988 975 995 992 997 996 999 987
10 1 981 3 995 5 992 10 980 16 999 19 975 21 975 25 974 26 993 29 978
10 972 973 974 974 977 977 981 999 985 997 986 976 988 986 990 974 991 973 992 991
10 3 979 4 999 5 996 6 994 7 984 10 989 13 993 14 971 18 998 28 971
10 971 994 972 996 977 993 980 975 985 974 986 988 988 985 990 990 993 986 996 978
10 2 990 5 988 7 989 10 982 11 980 17 979 18 976 20 979 25 979 27 987
10 972 995 978 989 979 985 981 971 982 996 987 996 994 997 995 989 997 990 999 992
10 3 990 8 1000 9 975 10 976 12 982 18 986 19 987 22 976 26 975 27 978
10 972 993 973 988 974 990 976 972 977 983 980 1000 985 983 988 991 995 991 998 983
10 2 998 8 978 10 994 11 998 12 993 15 976 19 971 21 999 25 985 28 971
10 972 996 975 973 977 987 980 987 983 981 985 982 990 989 993 986 994 980 999 986
10 1 972 2 996 3 975 5 987 8 989 11 972 16 998 18 994 22 990 29 999
10 976 979 980 996 983 983 985 974 990 979 992 999 993 974 997 991 998 972 999 989
10 1 997 2 988 4 996 6 991 7 994 8 980 12 985 14 972 19 977 30 980
10 974 996 976 977 981 983 984 982 985 975 986 972 989 979 993 974 995 979 997 982
10 9 994 10 994 11 995 18 987 19 988 22 996 27 988 28 990 29 983 30 989
10 973 977 976 990 978 997 979 996 982 990 984 985 985 996 989 974 995 971 1000 980
10 2 990 6 971 7 974 8 982 14 997 17 995 20 981 21 995 22 995 24 977
10 972 973 980 984 982 981 984 1000 986 993 988 985 991 986 994 997 999 983 1000 979
10 2 980 7 977 8 983 10 978 15 994 17 993 20 994 24 995 27 985 28 990
10 972 981 974 997 976 981 982 986 987 975 988 980 990 995 991 992 998 981 999 983
10 2 997 3 989 5 994 10 982 14 998 15 984 18 991 21 1000 26 971 29 979
10 971 999 972 972 974 980 976 993 981 988 983 974 985 983 989 996 993 998 995 973
10 3 977 7 987 8 983 14 984 16 986 18 971 26 980 27 988 28 999 30 987
10 972 998 973 989 978 983 981 986 982 987 991 977 994 979 995 983 996 995 997 991
10 2 973 3 993 12 985 13 995 15 997 16 971 18 995 20 981 23 994 28 988
10 972 981 973 984 976 995 977 1000 980 988 983 1000 985 995 992 989 994 982 995 982
10 1 980 4 996 9 981 13 999 18 971 21 987 22 1000 24 972 25 975 27 972
10 971 986 973 991 976 995 980 996 989 985 991 977 993 992 997 998 998 972 1000 984
10 2 980 12 979 14 993 15 1000 17 993 18 974 19 986 22 994 23 976 26 986
10 975 994 978 977 979 973 980 981 984 990 986 985 988 982 989 973 990 992 991 981
10 6 1000 10 982 11 975 15 976 18 975 23 972 24 991 28 986 29 974 30 971
10 976 986 979 971 980 980 984 972 986 986 987 976 990 973 991 993 993 980 998 979
10 5 991 6 988 8 1000 10 991 17 998 20 982 21 986 23 977 25 995 26 998
10 973 984 974 1000 976 995 981 977 984 978 985 981 988 986 989 997 990 973 993 979
10 1 976 3 972 7 983 10 988 14 973 22 974 23 973 24 997 29 973 30 975
10 971 982 973 993 974 990 975 993 976 978 978 993 979 982 981 988 983 991 996 1000
10 1 977 9 1000 10 999 12 990 15 975 16 987 17 986 18 1000 19 988 26 972
10 971 995 974 987 979 976 985 987 987 999 991 971 992 997 995 981 997 999 1000 984
10 5 998 8 979 11 998 12 994 16 991 19 983 21 978 22 976 25 995 28 979
10 971 978 981 985 983 980 984 998 989 994 990 981 991 983 998 997 999 995 1000 984
10 7 981 9 972 16 986 20 984 21 984 23 971 25 981 26 989 27 996 30 993
10 972 994 975 993 986 984 989 992 990 980 992 977 994 981 996 982 997 999 998 984
10 4 976 13 998 14 999 16 973 20 975 22 974 23 992 24 987 25 983 26 981
10 972 999 973 986 974 991 978 999 980 979 982 976 984 1000 989 996 994 992 997 988
10 4 971 9 989 14 989 16 997 18 981 20 978 21 979 22 991 24 997 27 1000
10 981 981 983 980 984 991 985 974 986 982 988 994 992 987 998 971 999 980 1000 987
10 3 988 4 995 13 973 15 972 17 988 18 986 23 999 24 977 27 984 28 1000
10 973 972 982 973 984 996 985 979 988 979 989 989 993 993 994 978 995 982 1000 981
10 2 977 5 994 15 974 16 987 19 980 20 992 21 971 22 999 28 981 29 990
10 973 972 976 977 978 993 982 976 983 975 986 997 987 976 988 984 996 979 997 995
10 1 971 2 979 3 972 10 986 15 987 16 977 18 984 21 990 22 989 28 972
10 971 994 974 998 979 982 980 1000 982 996 986 998 988 987 994 988 996 974 1000 996
10 5 991 6 991 7 989 11 974 12 980 14 996 20 975 24 985 26 995 27 989
10 975 990 978 994 981 982 984 989 988 998 989 976 991 979 995 974 996 984 997 989
10 3 992 4 995 8 972 10 983 11 1000 12 1000 20 976 23 997 25 992 28 971
10 971 980 972 986 973 973 978 972 982 971 983 979 991 999 993 983 997 983 998 990
10 2 982 4 991 6 987 8 984 12 993 15 973 21 973 27 971 28 994 29 980
10 972 986 974 979 975 982 978 993 982 989 983 975 985 989 989 975 992 997 994 977
10 2 982 3 986 4 986 8 984 13 1000 14 989 16 990 21 975 23 971 27 977
10 976 991 978 990 981 976 985 991 987 990 988 981 989 974 993 998 998 977 1000 991
10 2 982 4 980 6 993 12 985 21 992 22 979 24 1000 25 986 27 991 30 996
10 973 975 974 988 987 974 991 987 992 980 993 983 994 983 997 975 999 971 1000 975
10 3 995 7 977 12 971 13 975 14 981 17 977 18 995 19 995 23 988 30 991
10 972 989 974 989 978 998 984 975 985 987 986 985 991 988 993 981 994 982 999 996
10 2 993 4 981 5 986 7 989 9 984 10 976 20 995 21 980 24 1000 26 981
10 971 999 975 978 976 999 978 995 986 973 988 986 991 971 994 999 995 980 997 989
10 1 973 6 984 8 985 9 984 12 984 16 974 20 975 22 997 23 971 25 981
10 975 996 976 998 978 986 983 997 984 978 986 982 989 983 991 991 994 998 1000 979
10 2 993 5 981 10 974 14 978 15 983 17 977 18 999 25 992 27 978 28 975
10 971 988 975 982 979 991 982 992 985 985 988 981 993 987 995 978 997 1000 999 973
10 3 980 6 995 7 971 9 979 14 985 15 986 18 988 19 971 22 984 25 985
10 972 988 975 972 976 991 982 994 984 998 985 972 992 1000 996 990 997 998 1000 990
10 2 992 4 984 7 972 8 990 11 984 18 973 21 980 22 986 27 976 29 984
10 974 971 978 986 979 984 985 990 987 996 990 984 992 989 993 995 995 971 996 990
10 3 980 9 986 10 976 18 978 19 998 22 994 25 972 27 980 28 998 30 982
10 972 988 978 997 983 998 984 996 985 988 986 980 987 994 988 991 990 971 993 996
10 3 980 4 992 8 989 9 999 11 996 13 999 21 977 22 990 23 987 27 973
10 972 993 973 992 974 987 975 993 981 990 983 972 988 999 989 991 994 975 998 982
10 3 985 6 994 8 971 10 987 13 975 15 995 17 983 20 973 22 993 26 999
10 973 998 975 997 982 990 983 980 985 986 986 978 990 991 993 998 995 981 996 978
10 8 985 9 993 11 982 13 996 14 990 15 978 17 986 23 972 25 981 27 999
10 978 984 979 983 985 990 986 999 988 1000 989 971 990 998 996 983 999 982 1000 997
10 2 984 6 971 7 987 11 991 18 971 20 985 21 998 26 982 27 990 28 987
10 972 976 982 980 984 971 988 993 991 990 992 984 993 979 997 984 998 984 1000 987
10 4 992 5 993 6 990 7 996 8 988 18 986 19 998 24 991 25 995 29 1000
10 972 987 973 1000 974 979 977 999 980 982 984 972 990 991 991 983 996 1000 999 981
10 3 980 7 980 8 981 17 999 19 981 20 986 26 994 27 982 28 992 29 995
10 971 971 975 977 976 975 990 986 992 978 994 971 996 973 997 981 998 983 1000 993
10 4 996 13 987 14 976 16 1000 19 996 20 992 23 981 24 976 26 995 30 977
10 975 996 977 978 978 996 980 973 982 990 985 989 990 989 991 988 993 1000 995 990
10 2 988 6 976 8 979 11 990 22 999 25 990 26 979 27 992 29 974 30 1000
10 972 990 981 989 985 977 989 988 992 975 993 994 994 973 995 978 996 985 1000 997
10 3 986 7 989 10 993 11 982 12 977 13 971 17 982 19 977 20 972 26 997
10 971 995 977 991 980 995 982 984 983 993 986 1000 988 990 993 987 995 990 997 975
10 1 975 4 998 5 990 6 976 13 989 14 999 15 971 16 979 17 992 27 988
10 971 1000 972 1000 973 998 975 981 980 975 983 993 988 980 992 981 997 981 1000 978
10 6 992 11 971 12 991 16 983 20 1000 25 986 26 989 27 981 28 975 29 979
10 973 983 982 1000 984 976 985 983 987 979 988 986 989 988 993 994 994 989 997 987
10 2 983 10 998 12 976 13 996 14 992 15 979 17 998 18 993 19 980 21 984
10 971 998 977 989 978 995 982 997 986 987 988 995 993 981 994 990 996 988 997 974
10 1 990 7 975 12 976 14 973 15 971 17 983 22 978 27 981 28 988 30 971
10 971 1000 973 972 976 985 978 978 987 971 988 972 989 985 990 980 993 998 997 975
10 2 997 10 986 15 972 17 976 18 971 22 987 23 983 24 991 27 997 30 981
10 971 984 972 994 973 997 974 979 980 994 982 988 985 992 989 988 993 979 1000 983
10 2 985 4 975 5 978 6 992 8 973 9 979 12 996 13 987 24 994 30 994
10 973 993 974 995 976 984 977 988 986 975 988 974 995 983 996 982 997 990 999 996
10 1 998 3 991 4 971 6 994 7 981 13 994 17 987 28 994 29 980 30 993
10 973 974 975 991 978 996 980 972 984 976 988 972 991 980 998 999 999 986 1000 999
10 3 978 6 999 7 976 8 998 11 1000 14 988 20 981 22 975 25 973 26 986
10 973 989 975 988 981 1000 982 1000 984 973 987 973 988 994 989 994 998 981 1000 972
10 8 997 9 990 16 979 17 973 18 977 19 993 20 989 23 987 29 986 30 981
10 971 973 972 985 974 987 976 977 978 983 980 991 989 978 992 983 998 980 1000 985
10 3 998 5 975 14 973 17 980 19 991 23 983 24 975 25 985 27 989 28 996
10 973 978 977 996 981 984 984 980 985 993 988 973 992 983 993 990 996 994 999 990
10 3 991 7 983 11 975 12 997 17 990 24 978 25 980 26 996 28 977 29 988
10 971 996 972 983 981 997 984 997 985 974 986 976 990 999 994 973 995 986 999 973
10 3 973 5 976 10 977 15 977 16 986 17 992 19 984 21 990 23 980 25 977
10 973 972 975 977 976 980 977 989 983 978 984 974 986 980 992 985 993 985 1000 994
10 2 996 6 972 11 972 17 977 18 979 21 975 22 985 25 993 29 988 30 986
10 974 988 975 974 978 979 982 973 984 994 988 985 989 984 991 994 996 976 997 993
10 1 971 6 981 8 999 9 990 11 990 12 999 16 978 18 978 24 990 30 980
10 971 985 972 996 979 984 981 987 985 988 986 987 989 990 992 986 998 988 1000 1000
10 4 971 6 995 9 997 10 988 11 999 12 981 13 990 14 979 16 978 28 1000
10 971 984 972 998 973 998 974 993 977 995 994 996 995 976 996 988 998 983 999 984
10 2 989 3 986 6 983 7 983 12 999 15 979 17 997 21 999 25 997 29 992
10 972 995 975 972 979 981 980 980 982 999 983 984 985 972 991 992 998 987 1000 984
10 1 971 6 999 7 972 13 999 14 991 16 985 17 980 18 989 23 994 26 987
10 975 988 978 971 981 986 982 989 987 986 990 989 992 976 993 975 994 987 997 979
10 2 981 3 990 4 979 12 987 18 989 22 972 24 974 26 999 27 982 30 990
10 972 984 976 979 982 995 985 994 986 993 988 973 989 971 990 971 991 993 998 990
10 2 985 6 984 10 971 12 996 15 983 18 976 21 998 22 971 24 995 28 997
10 971 977 972 981 973 976 977 973 979 982 980 982 984 981 987 989 988 1000 998 999
10 6 972 9 993 10 992 15 986 17 995 18 992 20 994 21 991 23 993 28 987
10 977 983 978 972 981 977 985 997 986 971 991 999 993 991 995 987 999 998 1000 977
10 7 979 8 999 10 995 12 987 20 971 22 974 23 989 26 981 27 979 29 975
10 973 981 976 997 977 974 981 993 984 996 989 998 994 986 997 996 998 989 999 1000
10 6 980 7 977 15 972 18 975 19 977 21 984 24 982 26 983 29 971 30 999
10 973 990 979 987 981 978 982 984 986 971 988 999 992 977 998 992 999 972 1000 983
10 6 995 7 979 10 983 11 987 14 984 20 996 23 994 27 979 28 989 29 973
10 971 978 974 989 976 992 980 977 983 976 987 995 989 981 993 971 996 977 1000 980
10 6 987 8 993 14 973 16 977 17 975 18 981 22 973 23 975 25 978 30 979
10 971 985 974 972 980 989 981 979 983 979 987 985 988 977 989 980 992 990 997 987
10 1 997 10 988 12 973 13 994 14 974 16 979 19 985 20 988 25 981 26 979
10 972 984 977 986 979 987 984 975 986 972 987 994 991 992 992 983 995 971 998 973
