25 11
7 110 448 271 47 280 347 309 655 626 119 811 103 891 194
10 66 92 101 622 148 96 303 574 360 814 383 982 405 655 730 633 816 169 838 443
7 30 318 178 162 250 927 357 808 413 831 586 725 641 67
8 41 287 107 950 289 556 328 333 382 750 483 974 584 955 918 352
9 42 990 104 261 281 85 321 177 541 854 555 67 755 791 796 971 972 193
10 32 207 99 753 200 348 265 964 302 375 398 754 434 526 659 842 669 252 762 668
9 169 739 405 634 582 865 698 628 734 611 780 98 866 761 910 730 919 856
10 66 644 68 784 109 390 128 533 133 233 210 515 256 512 376 739 549 417 570 803
9 115 469 144 489 373 642 450 866 538 404 657 844 734 377 828 884 944 425
7 73 98 174 849 284 147 305 481 444 903 536 210 640 711
10 17 986 133 403 134 596 151 581 494 417 607 283 683 904 742 212 868 406 891 574
9 7 202 115 34 303 79 466 1000 623 522 649 505 748 407 807 906 935 105
10 66 24 338 165 379 272 385 573 475 265 547 738 602 20 626 220 666 77 686 859
8 38 216 148 217 572 301 639 590 806 313 877 522 897 220 906 247
10 20 269 92 892 138 91 205 683 267 206 384 36 411 623 526 708 858 146 889 404
10 54 764 90 416 176 83 221 301 277 388 340 69 415 225 553 951 572 662 649 757
9 7 294 20 150 219 914 339 406 505 750 627 194 717 838 830 209 981 337
4 358 791 397 666 488 95 975 783
9 108 996 232 635 361 455 370 688 458 457 476 424 516 721 527 355 901 170
8 13 99 98 499 115 615 152 760 330 488 394 59 533 498 822 98
9 15 653 29 936 242 359 354 626 364 697 529 798 673 66 838 994 868 121
0
9 47 628 84 876 185 147 283 979 401 573 513 970 602 490 803 751 915 809
5 477 97 511 337 617 508 758 868 791 18
10 39 599 183 619 213 385 380 559 413 346 709 440 718 908 801 500 842 385 991 195
