100 50
10 168 58 189 367 257 843 384 498 454 858 511 797 520 709 566 793 613 967 688 572
9 124 135 227 358 367 842 384 619 440 13 695 264 822 937 894 730 978 871
10 8 750 61 401 82 672 148 761 702 572 834 312 840 636 866 248 960 824 999 849
8 72 368 98 972 161 16 358 787 415 622 640 627 932 644 938 892
10 55 366 67 908 163 177 261 233 270 215 607 884 673 5 758 532 928 520 944 737
9 170 51 184 50 267 450 370 518 432 905 523 188 550 191 747 466 924 14
9 109 588 191 177 254 505 319 537 349 228 386 511 426 315 513 755 849 669
9 16 481 46 767 211 481 587 858 762 645 870 181 955 117 960 691 965 640
9 130 925 164 939 189 199 299 167 442 680 578 731 790 998 931 87 937 753
9 33 209 93 582 161 590 544 776 634 763 784 799 811 865 900 700 975 795
7 83 247 124 600 293 645 646 323 766 398 800 778 932 156
8 58 919 95 967 388 781 584 848 614 414 804 155 889 989 974 606
9 16 661 70 991 341 221 368 323 529 172 603 450 764 745 785 44 903 130
7 142 189 225 372 244 959 417 644 512 570 710 388 870 852
9 56 937 203 790 446 213 523 448 602 353 755 183 761 640 906 454 979 360
10 63 756 440 533 453 58 504 146 538 785 581 438 650 52 709 136 787 682 847 769
9 17 820 96 151 325 106 342 958 362 256 404 658 456 758 702 640 769 846
9 47 490 58 167 133 214 201 193 209 137 577 85 740 509 776 860 878 965
9 107 85 415 683 437 973 445 203 548 338 574 532 825 948 841 481 852 372
6 150 858 236 622 414 821 434 979 553 882 740 673
6 99 729 254 701 545 132 640 360 940 265 951 93
7 48 283 89 826 436 261 559 882 834 407 921 249 996 207
5 59 880 175 154 227 510 459 125 799 466
10 315 559 405 847 514 458 580 638 808 4 844 466 911 716 923 916 940 26 984 430
9 97 818 148 317 447 162 450 256 459 741 537 24 594 283 618 30 912 793
7 105 72 502 794 738 101 970 69 981 249 996 106 1000 800
8 191 446 222 817 367 220 419 436 464 268 584 532 616 80 971 326
10 63 386 72 180 126 680 614 382 624 486 665 258 776 866 798 56 833 456 923 894
9 16 183 57 2 224 524 276 663 574 761 650 545 663 281 720 824 810 101
10 61 966 279 229 286 77 469 277 522 658 634 264 790 580 806 510 866 974 990 735
6 81 609 570 347 719 562 735 906 920 743 978 802
9 69 6 493 519 681 493 700 135 729 811 731 310 749 869 854 245 889 38
10 11 157 136 197 254 58 388 536 657 193 740 74 889 523 932 441 933 711 976 85
6 34 891 37 754 55 316 809 868 891 975 908 807
10 27 100 74 542 94 965 400 31 593 405 779 452 792 184 936 294 944 4 986 945
10 234 612 329 48 336 612 566 593 612 235 682 789 762 267 868 199 884 522 902 957
10 347 249 414 823 549 882 566 91 608 223 767 156 804 78 926 311 953 408 997 365
10 41 818 96 706 192 278 200 994 207 896 217 485 285 438 393 817 475 502 576 856
7 41 379 89 285 269 748 550 170 615 628 822 969 836 757
8 69 821 210 233 504 258 670 277 671 739 697 386 845 618 983 409
8 43 851 85 136 440 520 483 770 579 121 961 698 970 775 983 28
10 17 796 453 316 499 261 500 838 532 832 670 916 676 665 775 832 883 972 891 930
6 68 363 84 665 550 321 644 972 683 112 885 217
9 86 952 228 605 393 720 431 506 512 92 571 342 808 759 901 586 990 149
10 54 294 79 840 251 361 366 701 411 784 475 823 568 292 810 842 946 603 962 299
10 78 708 139 809 218 547 272 294 649 334 650 820 678 826 943 450 948 806 957 551
10 107 677 119 553 137 865 221 527 222 327 580 808 630 112 824 707 970 857 973 641
10 131 817 138 95 212 216 242 168 331 598 337 344 509 427 756 951 891 757 931 840
10 257 994 258 626 587 871 593 296 623 639 730 341 759 740 770 993 892 294 935 965
5 230 937 354 354 696 966 863 754 913 604
0
9 23 162 118 315 199 422 278 938 385 891 513 225 701 297 716 235 971 220
9 8 628 151 937 159 326 164 8 213 533 244 876 299 140 301 607 898 835
10 10 950 279 85 527 528 598 86 613 827 667 483 734 461 834 854 878 19 882 934
8 1 85 100 577 164 804 399 200 597 586 708 117 930 590 966 808
8 338 459 342 391 698 532 817 312 868 305 890 622 970 114 982 477
9 126 980 243 412 511 119 573 575 718 481 739 882 745 40 863 30 874 309
10 35 452 66 944 100 132 132 387 474 968 511 819 612 34 723 476 959 682 960 52
6 419 687 435 288 594 969 854 144 922 95 938 445
10 204 241 235 275 357 202 645 687 706 503 716 270 748 277 862 453 866 561 996 429
6 59 362 153 351 231 656 243 261 548 362 683 542
8 36 179 37 170 78 779 238 648 509 969 549 270 728 194 842 567
10 246 747 325 349 374 136 548 641 572 161 731 141 864 485 904 554 905 759 957 165
8 174 720 256 309 290 853 685 10 702 289 811 914 845 781 985 384
7 278 908 693 599 785 561 824 640 917 851 933 303 944 138
9 89 861 183 611 199 328 311 257 453 33 584 762 699 248 766 893 787 690
8 67 590 174 184 175 199 372 605 603 452 697 472 859 91 953 134
10 184 790 249 665 435 266 455 430 647 422 648 35 836 56 864 347 927 425 969 78
9 56 657 66 53 203 184 318 328 444 812 587 482 664 837 695 877 988 928
10 164 337 236 433 290 239 414 672 491 650 498 610 503 142 697 990 886 150 990 863
9 41 900 120 556 376 169 459 841 504 295 538 839 623 525 838 255 929 790
10 74 289 197 783 422 699 437 199 544 239 591 456 786 556 878 990 927 820 973 688
7 43 705 173 443 213 687 246 461 647 299 918 414 961 643
8 127 282 171 787 177 479 514 441 586 614 694 256 968 248 972 450
9 7 589 73 775 207 320 227 746 538 524 644 196 852 532 880 446 941 112
9 83 656 132 116 133 563 273 818 344 533 489 348 618 972 691 554 766 610
8 36 688 178 822 306 154 614 270 652 306 788 256 857 350 937 568
8 49 258 73 865 274 363 508 704 779 497 887 502 895 206 980 697
9 27 898 199 990 669 96 725 27 774 205 835 66 936 446 937 804 978 624
10 17 413 272 188 350 991 437 128 539 692 827 366 943 913 953 772 972 54 981 431
7 158 420 212 971 511 618 515 1 757 591 796 653 830 565
8 24 29 53 333 149 269 253 225 280 806 656 905 713 792 927 300
8 176 518 183 800 220 316 434 836 645 148 694 299 764 597 995 136
10 95 998 278 773 391 885 439 625 445 654 654 668 658 446 665 78 690 804 807 435
10 133 162 216 35 383 870 452 728 477 632 553 489 684 848 737 69 777 258 939 684
9 34 106 99 791 274 43 680 712 703 641 745 452 847 864 951 57 997 341
8 117 639 149 983 218 411 356 934 448 635 458 796 466 959 560 194
10 15 466 89 891 115 1000 123 111 142 717 603 725 719 730 759 314 881 385 939 817
7 191 517 467 91 475 821 537 341 601 300 736 452 998 850
9 377 557 412 779 511 529 534 781 552 840 655 239 682 204 696 714 980 666
9 67 253 469 815 597 537 740 894 786 780 846 512 856 441 862 99 882 421
9 16 524 284 292 524 160 620 851 663 434 772 73 855 836 879 937 893 586
8 178 285 625 349 650 50 738 262 773 287 778 842 806 308 981 700
10 69 320 200 442 355 128 383 604 402 855 498 597 566 208 584 968 828 49 935 401
9 120 66 158 723 460 76 481 662 533 699 544 505 846 32 869 127 992 91
5 392 143 397 618 584 138 713 684 827 983
6 47 246 115 46 500 452 613 268 714 530 877 899
10 200 520 370 569 393 252 406 194 500 320 520 907 596 262 605 206 750 457 877 949
9 139 526 195 277 201 611 304 812 434 343 482 529 864 195 985 126 988 294
5 225 51 381 507 592 939 740 809 819 559
