1000000 1000000
500
474662 15598 474793 16534
358569 965189 359224 965509
37897 302624 38088 302889
641416 995856 642465 996885
925413 94489 926284 94520
320932 784015 322069 784670
550589 696900 551794 697219
223877 424794 224175 425000
226737 543247 227077 543304
382079 634473 382659 634885
380728 297296 381557 298592
921779 753184 957380 754475
153223 661517 153507 662792
733351 419729 895382 420112
310211 304848 311239 305529
271601 176446 272015 177676
942977 947722 943618 948800
996439 622324 996599 622399
922038 625113 922824 625645
231590 341752 231794 342685
637059 52543 637148 52624
440423 387252 441214 387685
380594 19172 381760 19964
358902 741214 707824 742486
525375 230912 525953 231228
339969 228534 341247 229343
769845 139444 770841 140544
13534 897726 13552 898478
200730 73991 201356 74612
210476 867475 210716 867730
963235 191799 964351 665690
430043 717966 430579 719005
751310 851865 752469 853131
635954 72023 636032 73197
312055 40687 312650 40993
406581 298485 406969 298491
115767 561121 116139 562173
278015 915501 278195 943153
586300 80578 587405 81567
560459 320165 561377 320283
177932 278032 179130 278084
757976 506683 758514 507029
684085 23021 685063 23942
920175 635002 920185 635254
105199 205596 106002 712814
768756 465397 769667 465983
197784 414001 198235 414914
432732 787473 434019 787984
310469 594922 310939 595396
729491 546945 908213 547736
564420 322382 565377 323334
603245 832904 604511 833621
118178 308732 119028 309037
538864 810292 539209 810308
229291 286458 229522 287740
429457 215635 429757 216671
452208 841463 775067 841877
231480 646229 231680 646750
135267 928888 136541 929798
989857 917845 990717 918417
415390 876267 415980 996265
355277 711253 355569 711304
449011 357851 450059 357916
67878 241157 69127 242290
180677 636474 286411 637214
151463 533493 152349 534643
436024 842765 436228 842781
668642 323111 669484 324387
711182 59257 712075 59512
844682 690266 844932 691120
151175 169177 151424 169275
974505 858111 974587 858595
793101 529551 793369 529979
199134 951543 199404 951796
921031 811218 921924 811932
534760 996126 535638 996331
656281 199492 656479 200363
696729 821838 697936 822656
979666 34581 980694 34674
492635 440101 493121 440648
967635 280255 968305 281372
68536 557683 69331 558017
808822 646307 809889 836737
17240 226440 17442 226756
196240 53142 197509 53435
869239 590901 869573 591604
501132 760328 851122 760956
932008 817693 932866 818047
898158 429436 898399 429678
585647 786278 586270 787017
465174 528705 465923 529097
583223 626272 584003 626682
424693 293479 425800 294525
254895 834172 255806 834199
117679 690843 117925 691471
752639 733683 753329 734968
775362 264547 776347 265508
727630 778783 728564 779364
884338 776642 884953 777430
671027 722679 671247 723211
54607 64196 108101 64480
829623 867686 829748 868525
886620 497313 887809 498464
254768 706838 497023 707463
249377 350406 250250 351263
50857 876704 52109 876957
748788 326269 749036 327332
100021 782125 100523 782751
399668 660045 399780 661072
415662 418078 416800 419361
947808 717802 947841 718081
787634 443117 788713 443881
668456 747593 669460 747733
895569 446842 896440 447301
271456 838526 272488 839726
939221 18453 939553 18682
59984 590133 60985 591051
296169 833262 296524 833317
839393 405269 840289 405512
102773 577500 103390 578186
358422 468469 358985 469187
209947 421425 210813 422182
698072 296823 698376 306568
304505 654359 304651 655000
937770 238675 937861 239195
553614 338351 554378 338736
294884 215969 295888 216939
56678 154149 57168 154261
367074 716462 367091 717571
611626 700714 611685 700748
395624 362327 679194 362667
376305 233801 376589 234400
647848 359806 961576 360029
185873 895957 185897 896618
872692 579010 873434 580001
777783 988299 778771 988981
975289 956362 976185 957323
355625 155217 356707 155710
48646 720198 48925 720533
926219 592640 927279 592701
483733 576164 484760 576473
925604 921945 926061 922306
220048 188008 220361 188773
180546 386905 181665 387745
9269 809568 9889 809912
487873 170112 488824 170730
244081 863694 244557 864524
674628 511719 674899 512245
66220 315797 66746 316087
505279 968625 505567 997468
516800 168812 516858 169707
329806 497870 330354 498466
343922 434133 344497 434741
709470 412534 709730 413620
307363 264316 308061 265403
18657 190839 18941 192104
766237 533173 813355 533267
722406 243380 722712 244456
510166 629206 511462 629974
400636 357802 401244 358926
675406 617671 676540 617797
18922 426683 19055 427784
189552 619429 805256 619695
179882 563718 180682 564177
475603 702999 475974 704190
664023 481969 665142 482609
770972 160481 771564 160562
136956 62243 136959 62331
976076 708677 977019 709438
966980 160723 967343 161198
349608 513978 350634 513982
79817 581458 79823 582111
110068 862060 191602 863115
995122 177798 996374 177995
279599 190019 280539 759596
509307 921439 509680 921893
273442 45122 274364 45530
476922 993577 477211 993967
154112 515241 154547 515449
252731 620939 253218 621657
814421 151274 815054 151550
105244 744039 106375 744447
192371 164730 193361 165331
730586 631584 731456 632121
60863 607532 61603 607678
55284 273694 59165 274044
666880 41546 667245 41705
223339 65725 918165 66680
831514 783198 831702 784047
692002 179105 692412 822992
199333 713907 199712 916164
340330 574009 340794 575093
340476 33158 340590 33288
622697 191336 623056 191764
796089 632936 796764 634075
493805 552679 494754 553808
642693 936219 643878 936261
384598 226338 384996 227018
302972 131431 303766 132495
874691 108460 875159 108813
922225 143281 922910 144556
42102 385384 42199 385633
207942 614950 207949 616226
711881 927699 711946 928396
711867 313498 712441 313572
54734 728181 55508 729041
321081 284280 321491 285213
996712 45695 996790 46144
923270 420457 924239 421346
527634 134110 874656 134725
391509 696137 391647 696458
810633 691019 811105 691415
924734 140773 925444 141048
20629 909869 21161 911088
294781 9949 295700 11077
655903 854497 656835 854957
856466 143131 856873 143398
692433 825874 692952 826471
657349 154636 657456 154684
137429 977515 138463 978420
473129 746624 474319 747747
943399 246567 944256 247021
532390 462 533015 682
184139 129168 266525 129810
433192 150648 433572 151442
164737 728776 165042 729133
91342 296751 92605 297464
60296 178080 465287 179066
503384 822794 504364 823245
119225 36114 120255 919060
109114 433693 110100 434921
93382 903075 93400 903734
133760 435764 134255 436131
201858 504017 203122 505139
174598 477513 175652 478089
116664 110004 270010 111132
331891 79178 332971 79895
667049 12309 668341 12955
218372 83667 218581 83959
588239 991442 588953 992292
476713 824372 476751 824581
180379 797264 964365 797529
470972 793989 472151 794369
548099 796664 549175 797217
543440 346627 543884 347116
792260 202261 792343 202579
181198 870935 182057 932506
653869 685237 654378 685750
358733 677307 359768 677627
343122 436893 343142 437925
247765 36973 248269 38236
793265 161022 793532 161372
652325 791255 653341 792147
342984 526850 343243 527667
502961 221573 503257 221993
443401 516659 444670 516827
287726 531742 288770 531954
898828 618825 899028 619094
233315 589190 233515 798680
97383 443165 98092 443328
22013 169034 22483 169549
521161 259902 982460 261088
905601 193369 905997 194059
939937 419751 941061 420285
900500 18470 901202 18969
834199 880472 834800 880815
493485 688184 493791 688542
312581 611735 312835 611750
457385 894799 458165 895390
236375 739670 236767 740709
430148 72296 431328 73490
646282 129984 646583 131280
739686 585593 740960 586111
422895 692701 423929 692766
1806 388584 2913 388812
31538 580365 31916 580851
795142 336218 795645 336672
370535 585669 540676 586788
679667 909600 680908 909801
720287 562546 721064 562756
348431 961105 348911 961836
755279 455146 755459 455986
698852 181443 752718 181781
438859 297529 936874 297993
750974 221317 751751 221389
366035 311389 367313 312688
746209 325781 746700 326148
112798 117566 112991 117659
408128 159438 408475 159760
292594 470357 293329 470775
686519 648959 687417 729143
428565 689320 429443 689486
201186 443209 202431 444025
864441 293956 865048 294016
939173 716097 980064 717252
977094 578202 978174 579105
739099 785241 739960 786042
959706 75754 966656 76040
868657 57675 869007 58096
751865 169031 752641 169347
389981 818293 390134 818978
322326 201673 323431 202357
80371 926698 80998 926736
751018 82184 751920 83432
229017 85266 230151 342545
311276 744932 366314 745427
768834 760649 770131 761517
113045 520557 506495 521308
304296 339003 304433 340008
80421 162360 80862 162672
857507 81192 857823 82449
188334 32398 188600 33513
851207 793281 851989 794296
689133 26168 689201 26682
724838 932547 726043 932617
379147 68901 379806 69039
977013 813121 977974 813715
505088 763633 505225 764053
993384 773410 993515 774516
240471 116776 241371 117406
4124 624326 5180 812642
792732 390949 793568 391697
108217 624642 108480 625076
336434 428941 336857 429688
116006 551300 116733 551419
407731 628505 407775 628964
940124 243527 940171 864326
224259 658606 224804 659562
958605 647753 959416 648158
212086 664437 213250 728402
689528 361333 690195 362343
748300 660722 748377 661371
376423 520715 377036 521710
340752 68309 341318 69188
825807 538042 826377 538785
774855 911436 775052 911597
708893 111243 709474 111382
302425 746637 303690 746902
674894 707305 675315 707705
14819 829062 15275 829156
673232 348719 673538 349457
686452 495418 687605 496405
424374 642269 424451 642971
43469 275273 44525 276165
255736 401882 256076 402972
817556 211455 817649 211495
99519 760672 100181 761115
983395 757633 983696 758435
405767 259839 406145 260545
986525 729072 986860 730264
975098 770083 975911 770765
944471 176808 988492 177198
865756 14233 865940 14563
676060 596792 676872 597922
181125 875590 182024 876740
680167 677577 681184 678220
161345 365867 161443 367140
460774 364913 461342 365752
454256 1810 455209 1879
233475 486278 233731 486702
222007 944944 222086 946211
917470 124922 917949 125368
21751 130993 22007 132235
104429 923835 104573 924607
82272 849614 83365 850200
821341 327187 822066 328067
23421 57594 24352 58558
771551 664514 772488 664813
485874 303383 486479 304072
535014 231967 536093 232558
418124 210653 418328 211623
376916 295844 377065 296541
355757 356211 355787 356782
167300 781700 327758 782230
629893 97341 631000 97602
412009 696976 412049 697636
737027 144023 738258 144317
993430 776198 999601 784331
48460 112557 48674 113599
6102 69082 6761 69112
622964 85695 623177 86467
867328 848749 988805 849424
967462 362898 968752 363573
938768 528012 939611 529190
5964 614765 5983 981056
384418 964283 729477 964430
519636 325826 520462 326683
509313 800569 510365 801706
423032 904613 423118 904614
595645 4122 596059 4167
204513 841195 204894 841846
984895 404261 986023 405218
984339 3998 992376 4853
813413 688834 813973 689583
233238 542383 233947 543495
530381 984955 530466 985117
834683 777348 835045 777515
320674 337031 321125 337470
155038 260741 155680 261361
577267 9167 577911 10033
72447 383233 73271 384377
785427 978919 785999 979210
963101 248416 985162 249623
644644 694265 644805 695051
931030 525256 931501 526536
803351 806957 803927 807623
513191 951931 514190 953209
50092 867278 51326 867280
423519 952464 424411 991202
6040 965638 6233 966112
27619 298399 28654 298704
387523 537625 686863 538033
777397 805471 777649 805608
965168 188244 966255 188470
964333 812623 964711 813920
426330 531310 426428 531956
208800 200926 834938 201223
41376 971982 41473 972132
475057 414138 475905 415257
975121 781702 975306 782776
50671 717864 850406 718653
853451 363788 853741 365021
513539 239306 514509 239788
382796 640474 441964 641161
246266 758115 246544 758529
983407 781991 984606 782631
974911 601738 984586 801985
305161 901642 306224 902127
659555 934736 660240 935709
128711 844994 129183 845424
43858 385847 44477 386262
229282 170972 230207 172105
352964 497064 353912 498358
91337 225106 91750 225833
899756 942538 900269 943385
843066 10434 844323 30855
983362 35705 983815 36865
762199 881210 762268 882490
118697 294277 119670 295342
581223 63053 581702 63761
478861 690740 479260 691902
559969 279302 560345 687421
672837 423977 672999 425167
231501 124113 232027 125111
679107 769477 875614 769906
201562 114127 201838 114364
234531 666751 235196 667526
178089 411802 178726 412583
400505 665415 401135 665907
414715 335614 415750 335796
893837 492131 894803 493362
280934 589711 281470 590892
765408 854210 766283 854301
498641 202754 499861 203657
593797 768995 594259 769985
359249 993495 359516 993573
745903 583755 746140 858872
718544 378366 719272 378900
764407 985380 765664 985696
637571 904907 638506 906050
618178 226636 618906 918926
178637 740126 178736 740330
98217 113826 99199 114278
149566 196086 149777 196765
757491 699425 758314 699957
485941 351966 487212 352148
958986 936186 959648 937343
496712 286614 497789 287337
558982 873514 559461 874582
378572 230674 378835 235552
932874 552821 933260 553057
458376 393384 458554 393865
17979 592229 18408 593315
989570 582681 989791 583958
624379 704 625054 1066
784860 521398 785874 522026
818334 500731 934825 501244
273624 857487 274290 857514
91262 883405 91894 884089
629499 858415 817325 859244
977653 108671 978335 108967
662867 206211 663420 206321
232891 601800 531100 602605
532122 194250 533295 195406
215606 153907 216352 154569
735747 989705 736536 990160
316366 326203 316584 327377
83266 683684 83855 881761
391831 472663 392564 473378
18763 798845 19992 799006
135076 719001 136196 720276
868138 473437 868826 473852
438763 103681 817511 104342
90497 631796 91088 632739
564593 777788 565356 778665
191471 882737 192458 882806
835694 882809 987390 884035
670506 142474 981116 143328
595748 942853 596173 943416
682572 342189 683565 343187
