1000000 1000000
1000
0 0 100000 100000
1 1 99998 99998
2 2 99996 99996
3 3 99994 99994
4 4 99992 99992
5 5 99990 99990
6 6 99988 99988
7 7 99986 99986
8 8 99984 99984
9 9 99982 99982
10 10 99980 99980
11 11 99978 99978
12 12 99976 99976
13 13 99974 99974
14 14 99972 99972
15 15 99970 99970
16 16 99968 99968
17 17 99966 99966
18 18 99964 99964
19 19 99962 99962
20 20 99960 99960
21 21 99958 99958
22 22 99956 99956
23 23 99954 99954
24 24 99952 99952
25 25 99950 99950
26 26 99948 99948
27 27 99946 99946
28 28 99944 99944
29 29 99942 99942
30 30 99940 99940
31 31 99938 99938
32 32 99936 99936
33 33 99934 99934
34 34 99932 99932
35 35 99930 99930
36 36 99928 99928
37 37 99926 99926
38 38 99924 99924
39 39 99922 99922
40 40 99920 99920
41 41 99918 99918
42 42 99916 99916
43 43 99914 99914
44 44 99912 99912
45 45 99910 99910
46 46 99908 99908
47 47 99906 99906
48 48 99904 99904
49 49 99902 99902
50 50 99900 99900
51 51 99898 99898
52 52 99896 99896
53 53 99894 99894
54 54 99892 99892
55 55 99890 99890
56 56 99888 99888
57 57 99886 99886
58 58 99884 99884
59 59 99882 99882
60 60 99880 99880
61 61 99878 99878
62 62 99876 99876
63 63 99874 99874
64 64 99872 99872
65 65 99870 99870
66 66 99868 99868
67 67 99866 99866
68 68 99864 99864
69 69 99862 99862
70 70 99860 99860
71 71 99858 99858
72 72 99856 99856
73 73 99854 99854
74 74 99852 99852
75 75 99850 99850
76 76 99848 99848
77 77 99846 99846
78 78 99844 99844
79 79 99842 99842
80 80 99840 99840
81 81 99838 99838
82 82 99836 99836
83 83 99834 99834
84 84 99832 99832
85 85 99830 99830
86 86 99828 99828
87 87 99826 99826
88 88 99824 99824
89 89 99822 99822
90 90 99820 99820
91 91 99818 99818
92 92 99816 99816
93 93 99814 99814
94 94 99812 99812
95 95 99810 99810
96 96 99808 99808
97 97 99806 99806
98 98 99804 99804
99 99 99802 99802
100 100 99800 99800
101 101 99798 99798
102 102 99796 99796
103 103 99794 99794
104 104 99792 99792
105 105 99790 99790
106 106 99788 99788
107 107 99786 99786
108 108 99784 99784
109 109 99782 99782
110 110 99780 99780
111 111 99778 99778
112 112 99776 99776
113 113 99774 99774
114 114 99772 99772
115 115 99770 99770
116 116 99768 99768
117 117 99766 99766
118 118 99764 99764
119 119 99762 99762
120 120 99760 99760
121 121 99758 99758
122 122 99756 99756
123 123 99754 99754
124 124 99752 99752
125 125 99750 99750
126 126 99748 99748
127 127 99746 99746
128 128 99744 99744
129 129 99742 99742
130 130 99740 99740
131 131 99738 99738
132 132 99736 99736
133 133 99734 99734
134 134 99732 99732
135 135 99730 99730
136 136 99728 99728
137 137 99726 99726
138 138 99724 99724
139 139 99722 99722
140 140 99720 99720
141 141 99718 99718
142 142 99716 99716
143 143 99714 99714
144 144 99712 99712
145 145 99710 99710
146 146 99708 99708
147 147 99706 99706
148 148 99704 99704
149 149 99702 99702
150 150 99700 99700
151 151 99698 99698
152 152 99696 99696
153 153 99694 99694
154 154 99692 99692
155 155 99690 99690
156 156 99688 99688
157 157 99686 99686
158 158 99684 99684
159 159 99682 99682
160 160 99680 99680
161 161 99678 99678
162 162 99676 99676
163 163 99674 99674
164 164 99672 99672
165 165 99670 99670
166 166 99668 99668
167 167 99666 99666
168 168 99664 99664
169 169 99662 99662
170 170 99660 99660
171 171 99658 99658
172 172 99656 99656
173 173 99654 99654
174 174 99652 99652
175 175 99650 99650
176 176 99648 99648
177 177 99646 99646
178 178 99644 99644
179 179 99642 99642
180 180 99640 99640
181 181 99638 99638
182 182 99636 99636
183 183 99634 99634
184 184 99632 99632
185 185 99630 99630
186 186 99628 99628
187 187 99626 99626
188 188 99624 99624
189 189 99622 99622
190 190 99620 99620
191 191 99618 99618
192 192 99616 99616
193 193 99614 99614
194 194 99612 99612
195 195 99610 99610
196 196 99608 99608
197 197 99606 99606
198 198 99604 99604
199 199 99602 99602
200 200 99600 99600
201 201 99598 99598
202 202 99596 99596
203 203 99594 99594
204 204 99592 99592
205 205 99590 99590
206 206 99588 99588
207 207 99586 99586
208 208 99584 99584
209 209 99582 99582
210 210 99580 99580
211 211 99578 99578
212 212 99576 99576
213 213 99574 99574
214 214 99572 99572
215 215 99570 99570
216 216 99568 99568
217 217 99566 99566
218 218 99564 99564
219 219 99562 99562
220 220 99560 99560
221 221 99558 99558
222 222 99556 99556
223 223 99554 99554
224 224 99552 99552
225 225 99550 99550
226 226 99548 99548
227 227 99546 99546
228 228 99544 99544
229 229 99542 99542
230 230 99540 99540
231 231 99538 99538
232 232 99536 99536
233 233 99534 99534
234 234 99532 99532
235 235 99530 99530
236 236 99528 99528
237 237 99526 99526
238 238 99524 99524
239 239 99522 99522
240 240 99520 99520
241 241 99518 99518
242 242 99516 99516
243 243 99514 99514
244 244 99512 99512
245 245 99510 99510
246 246 99508 99508
247 247 99506 99506
248 248 99504 99504
249 249 99502 99502
250 250 99500 99500
251 251 99498 99498
252 252 99496 99496
253 253 99494 99494
254 254 99492 99492
255 255 99490 99490
256 256 99488 99488
257 257 99486 99486
258 258 99484 99484
259 259 99482 99482
260 260 99480 99480
261 261 99478 99478
262 262 99476 99476
263 263 99474 99474
264 264 99472 99472
265 265 99470 99470
266 266 99468 99468
267 267 99466 99466
268 268 99464 99464
269 269 99462 99462
270 270 99460 99460
271 271 99458 99458
272 272 99456 99456
273 273 99454 99454
274 274 99452 99452
275 275 99450 99450
276 276 99448 99448
277 277 99446 99446
278 278 99444 99444
279 279 99442 99442
280 280 99440 99440
281 281 99438 99438
282 282 99436 99436
283 283 99434 99434
284 284 99432 99432
285 285 99430 99430
286 286 99428 99428
287 287 99426 99426
288 288 99424 99424
289 289 99422 99422
290 290 99420 99420
291 291 99418 99418
292 292 99416 99416
293 293 99414 99414
294 294 99412 99412
295 295 99410 99410
296 296 99408 99408
297 297 99406 99406
298 298 99404 99404
299 299 99402 99402
300 300 99400 99400
301 301 99398 99398
302 302 99396 99396
303 303 99394 99394
304 304 99392 99392
305 305 99390 99390
306 306 99388 99388
307 307 99386 99386
308 308 99384 99384
309 309 99382 99382
310 310 99380 99380
311 311 99378 99378
312 312 99376 99376
313 313 99374 99374
314 314 99372 99372
315 315 99370 99370
316 316 99368 99368
317 317 99366 99366
318 318 99364 99364
319 319 99362 99362
320 320 99360 99360
321 321 99358 99358
322 322 99356 99356
323 323 99354 99354
324 324 99352 99352
325 325 99350 99350
326 326 99348 99348
327 327 99346 99346
328 328 99344 99344
329 329 99342 99342
330 330 99340 99340
331 331 99338 99338
332 332 99336 99336
333 333 99334 99334
334 334 99332 99332
335 335 99330 99330
336 336 99328 99328
337 337 99326 99326
338 338 99324 99324
339 339 99322 99322
340 340 99320 99320
341 341 99318 99318
342 342 99316 99316
343 343 99314 99314
344 344 99312 99312
345 345 99310 99310
346 346 99308 99308
347 347 99306 99306
348 348 99304 99304
349 349 99302 99302
350 350 99300 99300
351 351 99298 99298
352 352 99296 99296
353 353 99294 99294
354 354 99292 99292
355 355 99290 99290
356 356 99288 99288
357 357 99286 99286
358 358 99284 99284
359 359 99282 99282
360 360 99280 99280
361 361 99278 99278
362 362 99276 99276
363 363 99274 99274
364 364 99272 99272
365 365 99270 99270
366 366 99268 99268
367 367 99266 99266
368 368 99264 99264
369 369 99262 99262
370 370 99260 99260
371 371 99258 99258
372 372 99256 99256
373 373 99254 99254
374 374 99252 99252
375 375 99250 99250
376 376 99248 99248
377 377 99246 99246
378 378 99244 99244
379 379 99242 99242
380 380 99240 99240
381 381 99238 99238
382 382 99236 99236
383 383 99234 99234
384 384 99232 99232
385 385 99230 99230
386 386 99228 99228
387 387 99226 99226
388 388 99224 99224
389 389 99222 99222
390 390 99220 99220
391 391 99218 99218
392 392 99216 99216
393 393 99214 99214
394 394 99212 99212
395 395 99210 99210
396 396 99208 99208
397 397 99206 99206
398 398 99204 99204
399 399 99202 99202
400 400 99200 99200
401 401 99198 99198
402 402 99196 99196
403 403 99194 99194
404 404 99192 99192
405 405 99190 99190
406 406 99188 99188
407 407 99186 99186
408 408 99184 99184
409 409 99182 99182
410 410 99180 99180
411 411 99178 99178
412 412 99176 99176
413 413 99174 99174
414 414 99172 99172
415 415 99170 99170
416 416 99168 99168
417 417 99166 99166
418 418 99164 99164
419 419 99162 99162
420 420 99160 99160
421 421 99158 99158
422 422 99156 99156
423 423 99154 99154
424 424 99152 99152
425 425 99150 99150
426 426 99148 99148
427 427 99146 99146
428 428 99144 99144
429 429 99142 99142
430 430 99140 99140
431 431 99138 99138
432 432 99136 99136
433 433 99134 99134
434 434 99132 99132
435 435 99130 99130
436 436 99128 99128
437 437 99126 99126
438 438 99124 99124
439 439 99122 99122
440 440 99120 99120
441 441 99118 99118
442 442 99116 99116
443 443 99114 99114
444 444 99112 99112
445 445 99110 99110
446 446 99108 99108
447 447 99106 99106
448 448 99104 99104
449 449 99102 99102
450 450 99100 99100
451 451 99098 99098
452 452 99096 99096
453 453 99094 99094
454 454 99092 99092
455 455 99090 99090
456 456 99088 99088
457 457 99086 99086
458 458 99084 99084
459 459 99082 99082
460 460 99080 99080
461 461 99078 99078
462 462 99076 99076
463 463 99074 99074
464 464 99072 99072
465 465 99070 99070
466 466 99068 99068
467 467 99066 99066
468 468 99064 99064
469 469 99062 99062
470 470 99060 99060
471 471 99058 99058
472 472 99056 99056
473 473 99054 99054
474 474 99052 99052
475 475 99050 99050
476 476 99048 99048
477 477 99046 99046
478 478 99044 99044
479 479 99042 99042
480 480 99040 99040
481 481 99038 99038
482 482 99036 99036
483 483 99034 99034
484 484 99032 99032
485 485 99030 99030
486 486 99028 99028
487 487 99026 99026
488 488 99024 99024
489 489 99022 99022
490 490 99020 99020
491 491 99018 99018
492 492 99016 99016
493 493 99014 99014
494 494 99012 99012
495 495 99010 99010
496 496 99008 99008
497 497 99006 99006
498 498 99004 99004
499 499 99002 99002
500 500 99000 99000
501 501 98998 98998
502 502 98996 98996
503 503 98994 98994
504 504 98992 98992
505 505 98990 98990
506 506 98988 98988
507 507 98986 98986
508 508 98984 98984
509 509 98982 98982
510 510 98980 98980
511 511 98978 98978
512 512 98976 98976
513 513 98974 98974
514 514 98972 98972
515 515 98970 98970
516 516 98968 98968
517 517 98966 98966
518 518 98964 98964
519 519 98962 98962
520 520 98960 98960
521 521 98958 98958
522 522 98956 98956
523 523 98954 98954
524 524 98952 98952
525 525 98950 98950
526 526 98948 98948
527 527 98946 98946
528 528 98944 98944
529 529 98942 98942
530 530 98940 98940
531 531 98938 98938
532 532 98936 98936
533 533 98934 98934
534 534 98932 98932
535 535 98930 98930
536 536 98928 98928
537 537 98926 98926
538 538 98924 98924
539 539 98922 98922
540 540 98920 98920
541 541 98918 98918
542 542 98916 98916
543 543 98914 98914
544 544 98912 98912
545 545 98910 98910
546 546 98908 98908
547 547 98906 98906
548 548 98904 98904
549 549 98902 98902
550 550 98900 98900
551 551 98898 98898
552 552 98896 98896
553 553 98894 98894
554 554 98892 98892
555 555 98890 98890
556 556 98888 98888
557 557 98886 98886
558 558 98884 98884
559 559 98882 98882
560 560 98880 98880
561 561 98878 98878
562 562 98876 98876
563 563 98874 98874
564 564 98872 98872
565 565 98870 98870
566 566 98868 98868
567 567 98866 98866
568 568 98864 98864
569 569 98862 98862
570 570 98860 98860
571 571 98858 98858
572 572 98856 98856
573 573 98854 98854
574 574 98852 98852
575 575 98850 98850
576 576 98848 98848
577 577 98846 98846
578 578 98844 98844
579 579 98842 98842
580 580 98840 98840
581 581 98838 98838
582 582 98836 98836
583 583 98834 98834
584 584 98832 98832
585 585 98830 98830
586 586 98828 98828
587 587 98826 98826
588 588 98824 98824
589 589 98822 98822
590 590 98820 98820
591 591 98818 98818
592 592 98816 98816
593 593 98814 98814
594 594 98812 98812
595 595 98810 98810
596 596 98808 98808
597 597 98806 98806
598 598 98804 98804
599 599 98802 98802
600 600 98800 98800
601 601 98798 98798
602 602 98796 98796
603 603 98794 98794
604 604 98792 98792
605 605 98790 98790
606 606 98788 98788
607 607 98786 98786
608 608 98784 98784
609 609 98782 98782
610 610 98780 98780
611 611 98778 98778
612 612 98776 98776
613 613 98774 98774
614 614 98772 98772
615 615 98770 98770
616 616 98768 98768
617 617 98766 98766
618 618 98764 98764
619 619 98762 98762
620 620 98760 98760
621 621 98758 98758
622 622 98756 98756
623 623 98754 98754
624 624 98752 98752
625 625 98750 98750
626 626 98748 98748
627 627 98746 98746
628 628 98744 98744
629 629 98742 98742
630 630 98740 98740
631 631 98738 98738
632 632 98736 98736
633 633 98734 98734
634 634 98732 98732
635 635 98730 98730
636 636 98728 98728
637 637 98726 98726
638 638 98724 98724
639 639 98722 98722
640 640 98720 98720
641 641 98718 98718
642 642 98716 98716
643 643 98714 98714
644 644 98712 98712
645 645 98710 98710
646 646 98708 98708
647 647 98706 98706
648 648 98704 98704
649 649 98702 98702
650 650 98700 98700
651 651 98698 98698
652 652 98696 98696
653 653 98694 98694
654 654 98692 98692
655 655 98690 98690
656 656 98688 98688
657 657 98686 98686
658 658 98684 98684
659 659 98682 98682
660 660 98680 98680
661 661 98678 98678
662 662 98676 98676
663 663 98674 98674
664 664 98672 98672
665 665 98670 98670
666 666 98668 98668
667 667 98666 98666
668 668 98664 98664
669 669 98662 98662
670 670 98660 98660
671 671 98658 98658
672 672 98656 98656
673 673 98654 98654
674 674 98652 98652
675 675 98650 98650
676 676 98648 98648
677 677 98646 98646
678 678 98644 98644
679 679 98642 98642
680 680 98640 98640
681 681 98638 98638
682 682 98636 98636
683 683 98634 98634
684 684 98632 98632
685 685 98630 98630
686 686 98628 98628
687 687 98626 98626
688 688 98624 98624
689 689 98622 98622
690 690 98620 98620
691 691 98618 98618
692 692 98616 98616
693 693 98614 98614
694 694 98612 98612
695 695 98610 98610
696 696 98608 98608
697 697 98606 98606
698 698 98604 98604
699 699 98602 98602
700 700 98600 98600
701 701 98598 98598
702 702 98596 98596
703 703 98594 98594
704 704 98592 98592
705 705 98590 98590
706 706 98588 98588
707 707 98586 98586
708 708 98584 98584
709 709 98582 98582
710 710 98580 98580
711 711 98578 98578
712 712 98576 98576
713 713 98574 98574
714 714 98572 98572
715 715 98570 98570
716 716 98568 98568
717 717 98566 98566
718 718 98564 98564
719 719 98562 98562
720 720 98560 98560
721 721 98558 98558
722 722 98556 98556
723 723 98554 98554
724 724 98552 98552
725 725 98550 98550
726 726 98548 98548
727 727 98546 98546
728 728 98544 98544
729 729 98542 98542
730 730 98540 98540
731 731 98538 98538
732 732 98536 98536
733 733 98534 98534
734 734 98532 98532
735 735 98530 98530
736 736 98528 98528
737 737 98526 98526
738 738 98524 98524
739 739 98522 98522
740 740 98520 98520
741 741 98518 98518
742 742 98516 98516
743 743 98514 98514
744 744 98512 98512
745 745 98510 98510
746 746 98508 98508
747 747 98506 98506
748 748 98504 98504
749 749 98502 98502
750 750 98500 98500
751 751 98498 98498
752 752 98496 98496
753 753 98494 98494
754 754 98492 98492
755 755 98490 98490
756 756 98488 98488
757 757 98486 98486
758 758 98484 98484
759 759 98482 98482
760 760 98480 98480
761 761 98478 98478
762 762 98476 98476
763 763 98474 98474
764 764 98472 98472
765 765 98470 98470
766 766 98468 98468
767 767 98466 98466
768 768 98464 98464
769 769 98462 98462
770 770 98460 98460
771 771 98458 98458
772 772 98456 98456
773 773 98454 98454
774 774 98452 98452
775 775 98450 98450
776 776 98448 98448
777 777 98446 98446
778 778 98444 98444
779 779 98442 98442
780 780 98440 98440
781 781 98438 98438
782 782 98436 98436
783 783 98434 98434
784 784 98432 98432
785 785 98430 98430
786 786 98428 98428
787 787 98426 98426
788 788 98424 98424
789 789 98422 98422
790 790 98420 98420
791 791 98418 98418
792 792 98416 98416
793 793 98414 98414
794 794 98412 98412
795 795 98410 98410
796 796 98408 98408
797 797 98406 98406
798 798 98404 98404
799 799 98402 98402
800 800 98400 98400
801 801 98398 98398
802 802 98396 98396
803 803 98394 98394
804 804 98392 98392
805 805 98390 98390
806 806 98388 98388
807 807 98386 98386
808 808 98384 98384
809 809 98382 98382
810 810 98380 98380
811 811 98378 98378
812 812 98376 98376
813 813 98374 98374
814 814 98372 98372
815 815 98370 98370
816 816 98368 98368
817 817 98366 98366
818 818 98364 98364
819 819 98362 98362
820 820 98360 98360
821 821 98358 98358
822 822 98356 98356
823 823 98354 98354
824 824 98352 98352
825 825 98350 98350
826 826 98348 98348
827 827 98346 98346
828 828 98344 98344
829 829 98342 98342
830 830 98340 98340
831 831 98338 98338
832 832 98336 98336
833 833 98334 98334
834 834 98332 98332
835 835 98330 98330
836 836 98328 98328
837 837 98326 98326
838 838 98324 98324
839 839 98322 98322
840 840 98320 98320
841 841 98318 98318
842 842 98316 98316
843 843 98314 98314
844 844 98312 98312
845 845 98310 98310
846 846 98308 98308
847 847 98306 98306
848 848 98304 98304
849 849 98302 98302
850 850 98300 98300
851 851 98298 98298
852 852 98296 98296
853 853 98294 98294
854 854 98292 98292
855 855 98290 98290
856 856 98288 98288
857 857 98286 98286
858 858 98284 98284
859 859 98282 98282
860 860 98280 98280
861 861 98278 98278
862 862 98276 98276
863 863 98274 98274
864 864 98272 98272
865 865 98270 98270
866 866 98268 98268
867 867 98266 98266
868 868 98264 98264
869 869 98262 98262
870 870 98260 98260
871 871 98258 98258
872 872 98256 98256
873 873 98254 98254
874 874 98252 98252
875 875 98250 98250
876 876 98248 98248
877 877 98246 98246
878 878 98244 98244
879 879 98242 98242
880 880 98240 98240
881 881 98238 98238
882 882 98236 98236
883 883 98234 98234
884 884 98232 98232
885 885 98230 98230
886 886 98228 98228
887 887 98226 98226
888 888 98224 98224
889 889 98222 98222
890 890 98220 98220
891 891 98218 98218
892 892 98216 98216
893 893 98214 98214
894 894 98212 98212
895 895 98210 98210
896 896 98208 98208
897 897 98206 98206
898 898 98204 98204
899 899 98202 98202
900 900 98200 98200
901 901 98198 98198
902 902 98196 98196
903 903 98194 98194
904 904 98192 98192
905 905 98190 98190
906 906 98188 98188
907 907 98186 98186
908 908 98184 98184
909 909 98182 98182
910 910 98180 98180
911 911 98178 98178
912 912 98176 98176
913 913 98174 98174
914 914 98172 98172
915 915 98170 98170
916 916 98168 98168
917 917 98166 98166
918 918 98164 98164
919 919 98162 98162
920 920 98160 98160
921 921 98158 98158
922 922 98156 98156
923 923 98154 98154
924 924 98152 98152
925 925 98150 98150
926 926 98148 98148
927 927 98146 98146
928 928 98144 98144
929 929 98142 98142
930 930 98140 98140
931 931 98138 98138
932 932 98136 98136
933 933 98134 98134
934 934 98132 98132
935 935 98130 98130
936 936 98128 98128
937 937 98126 98126
938 938 98124 98124
939 939 98122 98122
940 940 98120 98120
941 941 98118 98118
942 942 98116 98116
943 943 98114 98114
944 944 98112 98112
945 945 98110 98110
946 946 98108 98108
947 947 98106 98106
948 948 98104 98104
949 949 98102 98102
950 950 98100 98100
951 951 98098 98098
952 952 98096 98096
953 953 98094 98094
954 954 98092 98092
955 955 98090 98090
956 956 98088 98088
957 957 98086 98086
958 958 98084 98084
959 959 98082 98082
960 960 98080 98080
961 961 98078 98078
962 962 98076 98076
963 963 98074 98074
964 964 98072 98072
965 965 98070 98070
966 966 98068 98068
967 967 98066 98066
968 968 98064 98064
969 969 98062 98062
970 970 98060 98060
971 971 98058 98058
972 972 98056 98056
973 973 98054 98054
974 974 98052 98052
975 975 98050 98050
976 976 98048 98048
977 977 98046 98046
978 978 98044 98044
979 979 98042 98042
980 980 98040 98040
981 981 98038 98038
982 982 98036 98036
983 983 98034 98034
984 984 98032 98032
985 985 98030 98030
986 986 98028 98028
987 987 98026 98026
988 988 98024 98024
989 989 98022 98022
990 990 98020 98020
991 991 98018 98018
992 992 98016 98016
993 993 98014 98014
994 994 98012 98012
995 995 98010 98010
996 996 98008 98008
997 997 98006 98006
998 998 98004 98004
10000 10000 1000000 1000000
