1000000 1000000
1000
3 3 999997 999997
6 6 999994 999994
9 9 999991 999991
12 12 999988 999988
15 15 999985 999985
18 18 999982 999982
21 21 999979 999979
24 24 999976 999976
27 27 999973 999973
30 30 999970 999970
33 33 999967 999967
36 36 999964 999964
39 39 999961 999961
42 42 999958 999958
45 45 999955 999955
48 48 999952 999952
51 51 999949 999949
54 54 999946 999946
57 57 999943 999943
60 60 999940 999940
63 63 999937 999937
66 66 999934 999934
69 69 999931 999931
72 72 999928 999928
75 75 999925 999925
78 78 999922 999922
81 81 999919 999919
84 84 999916 999916
87 87 999913 999913
90 90 999910 999910
93 93 999907 999907
96 96 999904 999904
99 99 999901 999901
102 102 999898 999898
105 105 999895 999895
108 108 999892 999892
111 111 999889 999889
114 114 999886 999886
117 117 999883 999883
120 120 999880 999880
123 123 999877 999877
126 126 999874 999874
129 129 999871 999871
132 132 999868 999868
135 135 999865 999865
138 138 999862 999862
141 141 999859 999859
144 144 999856 999856
147 147 999853 999853
150 150 999850 999850
153 153 999847 999847
156 156 999844 999844
159 159 999841 999841
162 162 999838 999838
165 165 999835 999835
168 168 999832 999832
171 171 999829 999829
174 174 999826 999826
177 177 999823 999823
180 180 999820 999820
183 183 999817 999817
186 186 999814 999814
189 189 999811 999811
192 192 999808 999808
195 195 999805 999805
198 198 999802 999802
201 201 999799 999799
204 204 999796 999796
207 207 999793 999793
210 210 999790 999790
213 213 999787 999787
216 216 999784 999784
219 219 999781 999781
222 222 999778 999778
225 225 999775 999775
228 228 999772 999772
231 231 999769 999769
234 234 999766 999766
237 237 999763 999763
240 240 999760 999760
243 243 999757 999757
246 246 999754 999754
249 249 999751 999751
252 252 999748 999748
255 255 999745 999745
258 258 999742 999742
261 261 999739 999739
264 264 999736 999736
267 267 999733 999733
270 270 999730 999730
273 273 999727 999727
276 276 999724 999724
279 279 999721 999721
282 282 999718 999718
285 285 999715 999715
288 288 999712 999712
291 291 999709 999709
294 294 999706 999706
297 297 999703 999703
300 300 999700 999700
303 303 999697 999697
306 306 999694 999694
309 309 999691 999691
312 312 999688 999688
315 315 999685 999685
318 318 999682 999682
321 321 999679 999679
324 324 999676 999676
327 327 999673 999673
330 330 999670 999670
333 333 999667 999667
336 336 999664 999664
339 339 999661 999661
342 342 999658 999658
345 345 999655 999655
348 348 999652 999652
351 351 999649 999649
354 354 999646 999646
357 357 999643 999643
360 360 999640 999640
363 363 999637 999637
366 366 999634 999634
369 369 999631 999631
372 372 999628 999628
375 375 999625 999625
378 378 999622 999622
381 381 999619 999619
384 384 999616 999616
387 387 999613 999613
390 390 999610 999610
393 393 999607 999607
396 396 999604 999604
399 399 999601 999601
402 402 999598 999598
405 405 999595 999595
408 408 999592 999592
411 411 999589 999589
414 414 999586 999586
417 417 999583 999583
420 420 999580 999580
423 423 999577 999577
426 426 999574 999574
429 429 999571 999571
432 432 999568 999568
435 435 999565 999565
438 438 999562 999562
441 441 999559 999559
444 444 999556 999556
447 447 999553 999553
450 450 999550 999550
453 453 999547 999547
456 456 999544 999544
459 459 999541 999541
462 462 999538 999538
465 465 999535 999535
468 468 999532 999532
471 471 999529 999529
474 474 999526 999526
477 477 999523 999523
480 480 999520 999520
483 483 999517 999517
486 486 999514 999514
489 489 999511 999511
492 492 999508 999508
495 495 999505 999505
498 498 999502 999502
501 501 999499 999499
504 504 999496 999496
507 507 999493 999493
510 510 999490 999490
513 513 999487 999487
516 516 999484 999484
519 519 999481 999481
522 522 999478 999478
525 525 999475 999475
528 528 999472 999472
531 531 999469 999469
534 534 999466 999466
537 537 999463 999463
540 540 999460 999460
543 543 999457 999457
546 546 999454 999454
549 549 999451 999451
552 552 999448 999448
555 555 999445 999445
558 558 999442 999442
561 561 999439 999439
564 564 999436 999436
567 567 999433 999433
570 570 999430 999430
573 573 999427 999427
576 576 999424 999424
579 579 999421 999421
582 582 999418 999418
585 585 999415 999415
588 588 999412 999412
591 591 999409 999409
594 594 999406 999406
597 597 999403 999403
600 600 999400 999400
603 603 999397 999397
606 606 999394 999394
609 609 999391 999391
612 612 999388 999388
615 615 999385 999385
618 618 999382 999382
621 621 999379 999379
624 624 999376 999376
627 627 999373 999373
630 630 999370 999370
633 633 999367 999367
636 636 999364 999364
639 639 999361 999361
642 642 999358 999358
645 645 999355 999355
648 648 999352 999352
651 651 999349 999349
654 654 999346 999346
657 657 999343 999343
660 660 999340 999340
663 663 999337 999337
666 666 999334 999334
669 669 999331 999331
672 672 999328 999328
675 675 999325 999325
678 678 999322 999322
681 681 999319 999319
684 684 999316 999316
687 687 999313 999313
690 690 999310 999310
693 693 999307 999307
696 696 999304 999304
699 699 999301 999301
702 702 999298 999298
705 705 999295 999295
708 708 999292 999292
711 711 999289 999289
714 714 999286 999286
717 717 999283 999283
720 720 999280 999280
723 723 999277 999277
726 726 999274 999274
729 729 999271 999271
732 732 999268 999268
735 735 999265 999265
738 738 999262 999262
741 741 999259 999259
744 744 999256 999256
747 747 999253 999253
750 750 999250 999250
753 753 999247 999247
756 756 999244 999244
759 759 999241 999241
762 762 999238 999238
765 765 999235 999235
768 768 999232 999232
771 771 999229 999229
774 774 999226 999226
777 777 999223 999223
780 780 999220 999220
783 783 999217 999217
786 786 999214 999214
789 789 999211 999211
792 792 999208 999208
795 795 999205 999205
798 798 999202 999202
801 801 999199 999199
804 804 999196 999196
807 807 999193 999193
810 810 999190 999190
813 813 999187 999187
816 816 999184 999184
819 819 999181 999181
822 822 999178 999178
825 825 999175 999175
828 828 999172 999172
831 831 999169 999169
834 834 999166 999166
837 837 999163 999163
840 840 999160 999160
843 843 999157 999157
846 846 999154 999154
849 849 999151 999151
852 852 999148 999148
855 855 999145 999145
858 858 999142 999142
861 861 999139 999139
864 864 999136 999136
867 867 999133 999133
870 870 999130 999130
873 873 999127 999127
876 876 999124 999124
879 879 999121 999121
882 882 999118 999118
885 885 999115 999115
888 888 999112 999112
891 891 999109 999109
894 894 999106 999106
897 897 999103 999103
900 900 999100 999100
903 903 999097 999097
906 906 999094 999094
909 909 999091 999091
912 912 999088 999088
915 915 999085 999085
918 918 999082 999082
921 921 999079 999079
924 924 999076 999076
927 927 999073 999073
930 930 999070 999070
933 933 999067 999067
936 936 999064 999064
939 939 999061 999061
942 942 999058 999058
945 945 999055 999055
948 948 999052 999052
951 951 999049 999049
954 954 999046 999046
957 957 999043 999043
960 960 999040 999040
963 963 999037 999037
966 966 999034 999034
969 969 999031 999031
972 972 999028 999028
975 975 999025 999025
978 978 999022 999022
981 981 999019 999019
984 984 999016 999016
987 987 999013 999013
990 990 999010 999010
993 993 999007 999007
996 996 999004 999004
999 999 999001 999001
1002 1002 998998 998998
1005 1005 998995 998995
1008 1008 998992 998992
1011 1011 998989 998989
1014 1014 998986 998986
1017 1017 998983 998983
1020 1020 998980 998980
1023 1023 998977 998977
1026 1026 998974 998974
1029 1029 998971 998971
1032 1032 998968 998968
1035 1035 998965 998965
1038 1038 998962 998962
1041 1041 998959 998959
1044 1044 998956 998956
1047 1047 998953 998953
1050 1050 998950 998950
1053 1053 998947 998947
1056 1056 998944 998944
1059 1059 998941 998941
1062 1062 998938 998938
1065 1065 998935 998935
1068 1068 998932 998932
1071 1071 998929 998929
1074 1074 998926 998926
1077 1077 998923 998923
1080 1080 998920 998920
1083 1083 998917 998917
1086 1086 998914 998914
1089 1089 998911 998911
1092 1092 998908 998908
1095 1095 998905 998905
1098 1098 998902 998902
1101 1101 998899 998899
1104 1104 998896 998896
1107 1107 998893 998893
1110 1110 998890 998890
1113 1113 998887 998887
1116 1116 998884 998884
1119 1119 998881 998881
1122 1122 998878 998878
1125 1125 998875 998875
1128 1128 998872 998872
1131 1131 998869 998869
1134 1134 998866 998866
1137 1137 998863 998863
1140 1140 998860 998860
1143 1143 998857 998857
1146 1146 998854 998854
1149 1149 998851 998851
1152 1152 998848 998848
1155 1155 998845 998845
1158 1158 998842 998842
1161 1161 998839 998839
1164 1164 998836 998836
1167 1167 998833 998833
1170 1170 998830 998830
1173 1173 998827 998827
1176 1176 998824 998824
1179 1179 998821 998821
1182 1182 998818 998818
1185 1185 998815 998815
1188 1188 998812 998812
1191 1191 998809 998809
1194 1194 998806 998806
1197 1197 998803 998803
1200 1200 998800 998800
1203 1203 998797 998797
1206 1206 998794 998794
1209 1209 998791 998791
1212 1212 998788 998788
1215 1215 998785 998785
1218 1218 998782 998782
1221 1221 998779 998779
1224 1224 998776 998776
1227 1227 998773 998773
1230 1230 998770 998770
1233 1233 998767 998767
1236 1236 998764 998764
1239 1239 998761 998761
1242 1242 998758 998758
1245 1245 998755 998755
1248 1248 998752 998752
1251 1251 998749 998749
1254 1254 998746 998746
1257 1257 998743 998743
1260 1260 998740 998740
1263 1263 998737 998737
1266 1266 998734 998734
1269 1269 998731 998731
1272 1272 998728 998728
1275 1275 998725 998725
1278 1278 998722 998722
1281 1281 998719 998719
1284 1284 998716 998716
1287 1287 998713 998713
1290 1290 998710 998710
1293 1293 998707 998707
1296 1296 998704 998704
1299 1299 998701 998701
1302 1302 998698 998698
1305 1305 998695 998695
1308 1308 998692 998692
1311 1311 998689 998689
1314 1314 998686 998686
1317 1317 998683 998683
1320 1320 998680 998680
1323 1323 998677 998677
1326 1326 998674 998674
1329 1329 998671 998671
1332 1332 998668 998668
1335 1335 998665 998665
1338 1338 998662 998662
1341 1341 998659 998659
1344 1344 998656 998656
1347 1347 998653 998653
1350 1350 998650 998650
1353 1353 998647 998647
1356 1356 998644 998644
1359 1359 998641 998641
1362 1362 998638 998638
1365 1365 998635 998635
1368 1368 998632 998632
1371 1371 998629 998629
1374 1374 998626 998626
1377 1377 998623 998623
1380 1380 998620 998620
1383 1383 998617 998617
1386 1386 998614 998614
1389 1389 998611 998611
1392 1392 998608 998608
1395 1395 998605 998605
1398 1398 998602 998602
1401 1401 998599 998599
1404 1404 998596 998596
1407 1407 998593 998593
1410 1410 998590 998590
1413 1413 998587 998587
1416 1416 998584 998584
1419 1419 998581 998581
1422 1422 998578 998578
1425 1425 998575 998575
1428 1428 998572 998572
1431 1431 998569 998569
1434 1434 998566 998566
1437 1437 998563 998563
1440 1440 998560 998560
1443 1443 998557 998557
1446 1446 998554 998554
1449 1449 998551 998551
1452 1452 998548 998548
1455 1455 998545 998545
1458 1458 998542 998542
1461 1461 998539 998539
1464 1464 998536 998536
1467 1467 998533 998533
1470 1470 998530 998530
1473 1473 998527 998527
1476 1476 998524 998524
1479 1479 998521 998521
1482 1482 998518 998518
1485 1485 998515 998515
1488 1488 998512 998512
1491 1491 998509 998509
1494 1494 998506 998506
1497 1497 998503 998503
1500 1500 998500 998500
1503 1503 998497 998497
1506 1506 998494 998494
1509 1509 998491 998491
1512 1512 998488 998488
1515 1515 998485 998485
1518 1518 998482 998482
1521 1521 998479 998479
1524 1524 998476 998476
1527 1527 998473 998473
1530 1530 998470 998470
1533 1533 998467 998467
1536 1536 998464 998464
1539 1539 998461 998461
1542 1542 998458 998458
1545 1545 998455 998455
1548 1548 998452 998452
1551 1551 998449 998449
1554 1554 998446 998446
1557 1557 998443 998443
1560 1560 998440 998440
1563 1563 998437 998437
1566 1566 998434 998434
1569 1569 998431 998431
1572 1572 998428 998428
1575 1575 998425 998425
1578 1578 998422 998422
1581 1581 998419 998419
1584 1584 998416 998416
1587 1587 998413 998413
1590 1590 998410 998410
1593 1593 998407 998407
1596 1596 998404 998404
1599 1599 998401 998401
1602 1602 998398 998398
1605 1605 998395 998395
1608 1608 998392 998392
1611 1611 998389 998389
1614 1614 998386 998386
1617 1617 998383 998383
1620 1620 998380 998380
1623 1623 998377 998377
1626 1626 998374 998374
1629 1629 998371 998371
1632 1632 998368 998368
1635 1635 998365 998365
1638 1638 998362 998362
1641 1641 998359 998359
1644 1644 998356 998356
1647 1647 998353 998353
1650 1650 998350 998350
1653 1653 998347 998347
1656 1656 998344 998344
1659 1659 998341 998341
1662 1662 998338 998338
1665 1665 998335 998335
1668 1668 998332 998332
1671 1671 998329 998329
1674 1674 998326 998326
1677 1677 998323 998323
1680 1680 998320 998320
1683 1683 998317 998317
1686 1686 998314 998314
1689 1689 998311 998311
1692 1692 998308 998308
1695 1695 998305 998305
1698 1698 998302 998302
1701 1701 998299 998299
1704 1704 998296 998296
1707 1707 998293 998293
1710 1710 998290 998290
1713 1713 998287 998287
1716 1716 998284 998284
1719 1719 998281 998281
1722 1722 998278 998278
1725 1725 998275 998275
1728 1728 998272 998272
1731 1731 998269 998269
1734 1734 998266 998266
1737 1737 998263 998263
1740 1740 998260 998260
1743 1743 998257 998257
1746 1746 998254 998254
1749 1749 998251 998251
1752 1752 998248 998248
1755 1755 998245 998245
1758 1758 998242 998242
1761 1761 998239 998239
1764 1764 998236 998236
1767 1767 998233 998233
1770 1770 998230 998230
1773 1773 998227 998227
1776 1776 998224 998224
1779 1779 998221 998221
1782 1782 998218 998218
1785 1785 998215 998215
1788 1788 998212 998212
1791 1791 998209 998209
1794 1794 998206 998206
1797 1797 998203 998203
1800 1800 998200 998200
1803 1803 998197 998197
1806 1806 998194 998194
1809 1809 998191 998191
1812 1812 998188 998188
1815 1815 998185 998185
1818 1818 998182 998182
1821 1821 998179 998179
1824 1824 998176 998176
1827 1827 998173 998173
1830 1830 998170 998170
1833 1833 998167 998167
1836 1836 998164 998164
1839 1839 998161 998161
1842 1842 998158 998158
1845 1845 998155 998155
1848 1848 998152 998152
1851 1851 998149 998149
1854 1854 998146 998146
1857 1857 998143 998143
1860 1860 998140 998140
1863 1863 998137 998137
1866 1866 998134 998134
1869 1869 998131 998131
1872 1872 998128 998128
1875 1875 998125 998125
1878 1878 998122 998122
1881 1881 998119 998119
1884 1884 998116 998116
1887 1887 998113 998113
1890 1890 998110 998110
1893 1893 998107 998107
1896 1896 998104 998104
1899 1899 998101 998101
1902 1902 998098 998098
1905 1905 998095 998095
1908 1908 998092 998092
1911 1911 998089 998089
1914 1914 998086 998086
1917 1917 998083 998083
1920 1920 998080 998080
1923 1923 998077 998077
1926 1926 998074 998074
1929 1929 998071 998071
1932 1932 998068 998068
1935 1935 998065 998065
1938 1938 998062 998062
1941 1941 998059 998059
1944 1944 998056 998056
1947 1947 998053 998053
1950 1950 998050 998050
1953 1953 998047 998047
1956 1956 998044 998044
1959 1959 998041 998041
1962 1962 998038 998038
1965 1965 998035 998035
1968 1968 998032 998032
1971 1971 998029 998029
1974 1974 998026 998026
1977 1977 998023 998023
1980 1980 998020 998020
1983 1983 998017 998017
1986 1986 998014 998014
1989 1989 998011 998011
1992 1992 998008 998008
1995 1995 998005 998005
1998 1998 998002 998002
2001 2001 997999 997999
2004 2004 997996 997996
2007 2007 997993 997993
2010 2010 997990 997990
2013 2013 997987 997987
2016 2016 997984 997984
2019 2019 997981 997981
2022 2022 997978 997978
2025 2025 997975 997975
2028 2028 997972 997972
2031 2031 997969 997969
2034 2034 997966 997966
2037 2037 997963 997963
2040 2040 997960 997960
2043 2043 997957 997957
2046 2046 997954 997954
2049 2049 997951 997951
2052 2052 997948 997948
2055 2055 997945 997945
2058 2058 997942 997942
2061 2061 997939 997939
2064 2064 997936 997936
2067 2067 997933 997933
2070 2070 997930 997930
2073 2073 997927 997927
2076 2076 997924 997924
2079 2079 997921 997921
2082 2082 997918 997918
2085 2085 997915 997915
2088 2088 997912 997912
2091 2091 997909 997909
2094 2094 997906 997906
2097 2097 997903 997903
2100 2100 997900 997900
2103 2103 997897 997897
2106 2106 997894 997894
2109 2109 997891 997891
2112 2112 997888 997888
2115 2115 997885 997885
2118 2118 997882 997882
2121 2121 997879 997879
2124 2124 997876 997876
2127 2127 997873 997873
2130 2130 997870 997870
2133 2133 997867 997867
2136 2136 997864 997864
2139 2139 997861 997861
2142 2142 997858 997858
2145 2145 997855 997855
2148 2148 997852 997852
2151 2151 997849 997849
2154 2154 997846 997846
2157 2157 997843 997843
2160 2160 997840 997840
2163 2163 997837 997837
2166 2166 997834 997834
2169 2169 997831 997831
2172 2172 997828 997828
2175 2175 997825 997825
2178 2178 997822 997822
2181 2181 997819 997819
2184 2184 997816 997816
2187 2187 997813 997813
2190 2190 997810 997810
2193 2193 997807 997807
2196 2196 997804 997804
2199 2199 997801 997801
2202 2202 997798 997798
2205 2205 997795 997795
2208 2208 997792 997792
2211 2211 997789 997789
2214 2214 997786 997786
2217 2217 997783 997783
2220 2220 997780 997780
2223 2223 997777 997777
2226 2226 997774 997774
2229 2229 997771 997771
2232 2232 997768 997768
2235 2235 997765 997765
2238 2238 997762 997762
2241 2241 997759 997759
2244 2244 997756 997756
2247 2247 997753 997753
2250 2250 997750 997750
2253 2253 997747 997747
2256 2256 997744 997744
2259 2259 997741 997741
2262 2262 997738 997738
2265 2265 997735 997735
2268 2268 997732 997732
2271 2271 997729 997729
2274 2274 997726 997726
2277 2277 997723 997723
2280 2280 997720 997720
2283 2283 997717 997717
2286 2286 997714 997714
2289 2289 997711 997711
2292 2292 997708 997708
2295 2295 997705 997705
2298 2298 997702 997702
2301 2301 997699 997699
2304 2304 997696 997696
2307 2307 997693 997693
2310 2310 997690 997690
2313 2313 997687 997687
2316 2316 997684 997684
2319 2319 997681 997681
2322 2322 997678 997678
2325 2325 997675 997675
2328 2328 997672 997672
2331 2331 997669 997669
2334 2334 997666 997666
2337 2337 997663 997663
2340 2340 997660 997660
2343 2343 997657 997657
2346 2346 997654 997654
2349 2349 997651 997651
2352 2352 997648 997648
2355 2355 997645 997645
2358 2358 997642 997642
2361 2361 997639 997639
2364 2364 997636 997636
2367 2367 997633 997633
2370 2370 997630 997630
2373 2373 997627 997627
2376 2376 997624 997624
2379 2379 997621 997621
2382 2382 997618 997618
2385 2385 997615 997615
2388 2388 997612 997612
2391 2391 997609 997609
2394 2394 997606 997606
2397 2397 997603 997603
2400 2400 997600 997600
2403 2403 997597 997597
2406 2406 997594 997594
2409 2409 997591 997591
2412 2412 997588 997588
2415 2415 997585 997585
2418 2418 997582 997582
2421 2421 997579 997579
2424 2424 997576 997576
2427 2427 997573 997573
2430 2430 997570 997570
2433 2433 997567 997567
2436 2436 997564 997564
2439 2439 997561 997561
2442 2442 997558 997558
2445 2445 997555 997555
2448 2448 997552 997552
2451 2451 997549 997549
2454 2454 997546 997546
2457 2457 997543 997543
2460 2460 997540 997540
2463 2463 997537 997537
2466 2466 997534 997534
2469 2469 997531 997531
2472 2472 997528 997528
2475 2475 997525 997525
2478 2478 997522 997522
2481 2481 997519 997519
2484 2484 997516 997516
2487 2487 997513 997513
2490 2490 997510 997510
2493 2493 997507 997507
2496 2496 997504 997504
2499 2499 997501 997501
2502 2502 997498 997498
2505 2505 997495 997495
2508 2508 997492 997492
2511 2511 997489 997489
2514 2514 997486 997486
2517 2517 997483 997483
2520 2520 997480 997480
2523 2523 997477 997477
2526 2526 997474 997474
2529 2529 997471 997471
2532 2532 997468 997468
2535 2535 997465 997465
2538 2538 997462 997462
2541 2541 997459 997459
2544 2544 997456 997456
2547 2547 997453 997453
2550 2550 997450 997450
2553 2553 997447 997447
2556 2556 997444 997444
2559 2559 997441 997441
2562 2562 997438 997438
2565 2565 997435 997435
2568 2568 997432 997432
2571 2571 997429 997429
2574 2574 997426 997426
2577 2577 997423 997423
2580 2580 997420 997420
2583 2583 997417 997417
2586 2586 997414 997414
2589 2589 997411 997411
2592 2592 997408 997408
2595 2595 997405 997405
2598 2598 997402 997402
2601 2601 997399 997399
2604 2604 997396 997396
2607 2607 997393 997393
2610 2610 997390 997390
2613 2613 997387 997387
2616 2616 997384 997384
2619 2619 997381 997381
2622 2622 997378 997378
2625 2625 997375 997375
2628 2628 997372 997372
2631 2631 997369 997369
2634 2634 997366 997366
2637 2637 997363 997363
2640 2640 997360 997360
2643 2643 997357 997357
2646 2646 997354 997354
2649 2649 997351 997351
2652 2652 997348 997348
2655 2655 997345 997345
2658 2658 997342 997342
2661 2661 997339 997339
2664 2664 997336 997336
2667 2667 997333 997333
2670 2670 997330 997330
2673 2673 997327 997327
2676 2676 997324 997324
2679 2679 997321 997321
2682 2682 997318 997318
2685 2685 997315 997315
2688 2688 997312 997312
2691 2691 997309 997309
2694 2694 997306 997306
2697 2697 997303 997303
2700 2700 997300 997300
2703 2703 997297 997297
2706 2706 997294 997294
2709 2709 997291 997291
2712 2712 997288 997288
2715 2715 997285 997285
2718 2718 997282 997282
2721 2721 997279 997279
2724 2724 997276 997276
2727 2727 997273 997273
2730 2730 997270 997270
2733 2733 997267 997267
2736 2736 997264 997264
2739 2739 997261 997261
2742 2742 997258 997258
2745 2745 997255 997255
2748 2748 997252 997252
2751 2751 997249 997249
2754 2754 997246 997246
2757 2757 997243 997243
2760 2760 997240 997240
2763 2763 997237 997237
2766 2766 997234 997234
2769 2769 997231 997231
2772 2772 997228 997228
2775 2775 997225 997225
2778 2778 997222 997222
2781 2781 997219 997219
2784 2784 997216 997216
2787 2787 997213 997213
2790 2790 997210 997210
2793 2793 997207 997207
2796 2796 997204 997204
2799 2799 997201 997201
2802 2802 997198 997198
2805 2805 997195 997195
2808 2808 997192 997192
2811 2811 997189 997189
2814 2814 997186 997186
2817 2817 997183 997183
2820 2820 997180 997180
2823 2823 997177 997177
2826 2826 997174 997174
2829 2829 997171 997171
2832 2832 997168 997168
2835 2835 997165 997165
2838 2838 997162 997162
2841 2841 997159 997159
2844 2844 997156 997156
2847 2847 997153 997153
2850 2850 997150 997150
2853 2853 997147 997147
2856 2856 997144 997144
2859 2859 997141 997141
2862 2862 997138 997138
2865 2865 997135 997135
2868 2868 997132 997132
2871 2871 997129 997129
2874 2874 997126 997126
2877 2877 997123 997123
2880 2880 997120 997120
2883 2883 997117 997117
2886 2886 997114 997114
2889 2889 997111 997111
2892 2892 997108 997108
2895 2895 997105 997105
2898 2898 997102 997102
2901 2901 997099 997099
2904 2904 997096 997096
2907 2907 997093 997093
2910 2910 997090 997090
2913 2913 997087 997087
2916 2916 997084 997084
2919 2919 997081 997081
2922 2922 997078 997078
2925 2925 997075 997075
2928 2928 997072 997072
2931 2931 997069 997069
2934 2934 997066 997066
2937 2937 997063 997063
2940 2940 997060 997060
2943 2943 997057 997057
2946 2946 997054 997054
2949 2949 997051 997051
2952 2952 997048 997048
2955 2955 997045 997045
2958 2958 997042 997042
2961 2961 997039 997039
2964 2964 997036 997036
2967 2967 997033 997033
2970 2970 997030 997030
2973 2973 997027 997027
2976 2976 997024 997024
2979 2979 997021 997021
2982 2982 997018 997018
2985 2985 997015 997015
2988 2988 997012 997012
2991 2991 997009 997009
2994 2994 997006 997006
2997 2997 997003 997003
3000 3000 997000 997000
3000 3000 997000 997000
