150 60
5 157 990 381 599 493 487 705 496 706 246
7 167 952 272 637 360 624 465 863 631 984 665 254 778 35
8 165 466 195 677 207 292 283 792 416 976 608 40 894 689 959 941
4 163 958 408 250 621 435 949 197
9 328 637 347 285 568 23 597 258 644 387 659 447 867 410 876 346 942 88
8 211 361 399 51 457 677 506 225 607 50 695 144 792 219 919 817
7 171 535 220 406 287 204 342 266 888 767 906 429 976 713
10 47 201 294 686 319 642 354 303 355 839 417 608 479 611 592 696 722 261 929 304
5 94 3 325 473 646 251 674 875 675 359
9 217 229 305 480 370 452 375 14 445 289 461 847 659 402 663 160 993 563
10 41 985 279 196 280 660 298 436 370 679 439 689 452 318 555 172 694 709 854 861
4 153 149 655 294 808 527 953 900
4 69 325 393 22 724 240 953 126
3 261 99 466 794 959 325
1 824 847
5 504 260 647 541 758 596 782 923 928 981
4 45 904 120 947 223 638 572 460
4 654 196 680 205 710 185 723 754
4 301 784 470 347 714 205 737 852
9 21 848 70 338 151 699 190 504 323 164 393 233 553 125 664 582 858 128
9 265 505 314 340 348 161 379 384 428 732 584 625 691 818 694 802 736 49
5 31 809 181 533 202 993 377 419 606 942
8 2 262 23 283 260 644 374 588 698 622 703 523 720 130 832 179
9 64 291 264 90 275 149 278 962 382 616 612 56 659 446 910 768 987 853
6 6 423 192 233 239 455 568 688 679 772 914 873
4 406 950 563 672 780 531 826 580
2 129 832 559 960
7 114 674 170 436 241 840 347 865 689 959 801 111 888 989
10 91 68 119 598 274 225 351 497 451 468 650 491 667 486 677 430 884 421 985 284
9 359 757 402 510 534 755 598 240 605 261 646 644 741 246 862 218 963 575
7 53 396 58 989 127 382 410 27 492 63 755 389 814 953
5 118 815 392 3 632 732 821 452 840 195
8 17 346 80 686 302 499 350 830 384 764 616 552 700 606 809 823
4 17 840 439 323 601 84 855 767
8 117 852 122 793 236 567 288 134 397 535 458 460 928 371 988 582
8 106 787 109 876 127 589 282 661 313 588 434 980 901 240 952 740
2 592 591 962 411
6 42 748 291 181 371 952 708 375 803 684 830 818
2 76 710 732 49
7 213 260 261 234 403 741 730 208 770 130 860 849 898 585
8 51 633 289 479 308 321 384 334 437 212 571 260 593 254 779 441
9 125 608 214 500 237 82 344 522 479 934 608 9 697 685 792 98 853 748
3 27 6 514 570 977 218
10 49 931 129 210 303 187 368 235 460 360 498 689 595 758 823 878 845 685 958 927
7 38 774 469 683 544 309 689 834 730 505 845 666 859 865
7 394 888 402 381 503 17 560 714 763 368 805 912 950 803
10 13 195 47 737 69 802 74 400 155 340 195 326 304 406 550 810 568 447 690 664
6 69 602 162 444 470 156 676 607 764 774 929 102
10 37 76 76 346 228 569 315 108 323 403 416 693 453 73 833 709 896 823 908 101
2 301 340 315 597
9 210 524 291 904 380 706 539 731 550 657 707 792 720 511 804 261 912 625
7 145 491 414 112 484 376 522 449 545 648 618 773 733 876
3 156 261 406 974 433 137
8 98 475 253 510 259 375 390 200 870 652 943 761 950 311 997 537
0
10 135 976 155 289 163 858 532 531 581 462 649 687 706 726 734 561 751 901 913 592
5 157 552 389 522 573 542 706 942 870 74
3 80 356 794 884 819 58
6 129 948 145 903 157 6 791 731 873 788 964 743
4 152 575 352 966 526 756 705 821
6 22 258 39 278 261 488 626 806 830 785 990 503
10 55 127 209 963 246 894 305 769 308 971 471 118 525 670 590 637 682 390 944 341
6 124 328 304 661 320 957 336 317 801 675 945 411
5 443 162 689 41 855 660 886 388 974 362
9 12 282 92 484 140 257 223 524 239 935 421 585 730 995 806 35 960 638
9 37 179 120 465 163 562 245 848 251 739 275 403 434 866 633 654 971 239
4 174 343 278 160 518 643 687 695
10 383 652 500 160 606 428 622 473 736 898 812 564 835 644 889 102 976 396 977 30
7 219 485 271 672 344 690 519 248 612 820 911 690 928 542
4 248 652 350 899 721 754 733 335
8 117 162 147 635 174 854 635 152 657 588 712 721 733 560 800 605
8 47 627 414 477 444 341 491 955 677 764 678 361 816 270 982 851
10 25 812 74 27 228 932 324 877 414 965 528 422 563 387 615 794 676 185 751 348
9 61 733 516 962 627 444 740 50 748 824 800 174 946 670 974 668 996 289
8 167 29 256 973 282 764 362 27 498 870 501 795 506 589 975 537
4 139 247 487 1000 658 18 737 101
5 31 351 229 925 619 513 677 426 964 273
2 107 835 319 637
9 57 816 139 968 344 568 496 373 544 50 715 119 736 362 752 897 848 296
8 93 258 94 230 115 697 173 303 185 863 691 284 836 120 958 301
3 140 446 653 794 809 310
5 15 810 97 453 315 599 325 857 377 765
6 253 811 338 818 479 535 523 389 778 38 820 88
2 344 721 551 721
4 51 577 799 487 803 178 987 582
8 71 307 123 888 183 759 392 414 420 619 436 468 869 40 993 528
5 197 783 361 812 547 5 640 269 662 812
7 37 171 186 35 219 754 622 55 654 784 862 647 997 362
5 101 987 275 2 440 830 504 253 967 344
8 37 81 224 300 367 815 401 150 402 35 411 55 653 9 882 78
3 172 16 515 914 880 88
5 36 869 214 854 358 830 513 894 926 169
4 39 775 371 838 755 626 946 517
9 203 163 433 932 454 629 603 34 643 155 860 842 916 216 963 454 965 528
7 8 677 204 760 540 928 701 677 714 354 773 392 888 900
6 117 964 377 627 413 112 516 894 594 499 963 410
10 98 28 154 209 373 391 502 422 534 572 628 311 789 73 901 790 942 486 947 921
7 166 135 493 233 592 466 813 680 826 46 893 916 934 830
7 285 637 487 42 528 356 531 756 594 519 597 506 731 169
6 136 926 350 199 382 766 389 272 461 645 904 521
1 115 232
8 26 862 140 505 237 679 529 308 620 67 663 154 978 664 1000 901
1 554 351
9 20 755 171 399 174 689 390 363 588 390 595 681 671 202 804 887 906 502
10 117 740 124 246 284 673 343 332 439 31 578 794 608 873 700 820 809 133 869 273
7 296 57 327 713 390 843 425 990 672 169 788 669 981 860
7 67 358 252 299 299 404 516 875 913 526 918 491 938 191
3 310 425 453 327 548 953
6 18 64 103 995 210 790 345 189 590 634 974 172
6 126 103 172 40 537 299 619 969 768 749 945 384
8 170 999 214 513 253 475 349 768 394 561 540 437 590 850 769 611
8 152 881 318 123 364 959 525 732 534 319 578 400 592 582 711 348
6 190 176 221 845 360 655 384 19 841 980 907 751
7 144 517 248 772 281 230 296 786 579 76 877 242 880 79
7 253 436 428 511 496 51 516 897 574 156 712 872 749 540
7 42 777 156 298 201 471 501 948 693 479 743 88 906 127
8 11 868 20 173 180 689 245 860 538 770 672 927 725 342 898 526
7 175 729 341 574 358 574 534 44 630 671 678 76 693 50
10 35 429 112 80 184 387 248 489 309 165 577 796 773 986 837 945 864 505 924 10
5 358 443 705 143 730 491 901 557 985 995
8 155 121 167 76 202 129 250 270 435 939 539 287 617 921 790 540
3 131 566 146 933 524 51
10 10 59 35 792 157 550 177 287 280 632 292 546 312 503 358 680 651 75 765 339
5 69 458 117 234 211 136 802 115 937 187
10 40 330 387 278 465 241 649 861 690 54 804 765 867 548 868 408 894 536 917 755
8 47 605 211 622 532 687 671 730 753 363 970 776 988 229 991 431
9 2 711 131 136 194 811 278 778 743 962 844 446 892 324 906 143 994 944
5 86 384 164 323 203 890 228 232 384 791
6 68 3 378 834 382 995 551 347 702 523 864 173
2 422 964 442 538
7 81 554 101 266 299 548 518 361 800 523 907 816 925 141
4 196 121 490 970 513 529 949 792
7 271 191 398 340 410 453 477 331 860 615 904 703 970 104
8 302 245 414 581 468 91 600 657 783 102 786 158 829 83 886 941
10 19 115 33 359 126 259 162 108 436 234 512 192 563 986 829 453 971 490 983 68
5 61 329 202 194 342 950 393 975 565 373
6 210 614 347 539 380 961 441 433 571 116 878 260
9 59 345 126 54 353 769 447 559 573 740 607 658 694 365 751 827 898 389
7 94 404 178 803 198 506 449 807 487 999 496 687 514 850
9 256 17 281 156 291 217 324 47 502 905 532 703 539 442 679 39 968 467
8 175 333 192 162 248 893 379 15 540 408 555 425 599 406 931 77
9 144 103 208 250 235 830 282 634 591 466 800 344 817 802 823 752 856 71
2 606 518 736 622
6 254 37 355 694 442 846 535 596 538 29 803 100
10 1 527 193 163 200 565 333 517 529 825 575 960 636 716 762 414 903 268 997 119
4 210 138 346 1000 351 295 748 387
8 113 94 133 155 261 262 468 945 644 59 708 89 792 60 989 765
10 33 868 139 748 242 661 268 113 269 255 430 203 540 487 632 878 822 546 973 231
2 133 929 359 484
6 83 763 98 776 234 358 479 164 639 311 759 78
