1000 1000
100
773 82 832 86
198 905 218 944
527 691 547 693
266 990 275 994
283 171 297 173
156 711 180 731
619 707 633 722
81 208 83 235
681 662 700 680
824 719 854 872
400 673 716 681
642 330 646 333
559 0 583 12
150 874 161 884
291 531 293 538
219 8 224 16
405 39 498 916
198 441 204 463
731 81 759 86
672 876 691 887
440 459 463 787
612 83 625 922
479 476 483 680
920 205 928 206
320 894 336 908
430 4 451 20
428 549 432 550
596 598 619 665
893 322 922 348
342 320 737 596
438 734 929 940
601 782 618 798
210 634 226 658
657 154 671 165
34 187 41 516
916 532 959 823
760 95 772 116
784 239 794 264
550 690 937 719
732 72 752 222
381 975 403 982
516 521 521 918
672 430 696 443
321 479 331 494
125 624 152 642
565 869 943 884
556 917 566 936
886 325 889 347
193 296 212 301
179 330 201 584
434 274 453 299
904 88 906 114
312 747 319 750
444 366 457 367
579 334 604 798
947 133 960 163
550 628 578 637
191 367 213 388
762 683 771 782
180 434 187 443
404 56 420 66
150 625 163 653
341 155 371 175
771 17 798 21
560 86 589 98
913 369 1000 375
617 414 627 429
673 585 683 594
755 72 782 89
931 838 961 917
958 929 974 957
22 777 34 807
959 412 969 437
640 623 657 640
698 561 699 564
457 310 468 328
754 881 798 900
605 541 620 553
833 108 846 121
533 354 534 357
164 54 183 76
147 823 224 849
337 581 361 960
656 766 675 786
311 321 317 339
453 276 470 303
464 637 471 667
48 686 50 687
544 471 554 492
245 202 256 211
304 230 321 252
405 41 433 59
864 614 870 638
938 917 946 947
515 51 534 52
742 578 755 590
58 278 780 285
747 273 766 287
716 311 970 333
331 631 340 641
