150 75
0
10 5 460 105 313 205 289 305 936 405 706 505 69 605 393 705 942 805 650 905 274
10 9 269 109 330 209 870 309 848 409 535 509 922 609 770 709 516 809 735 909 112
10 13 764 113 672 213 167 313 525 413 119 513 163 613 753 713 953 813 454 913 493
10 17 563 117 913 217 806 317 203 417 849 517 863 617 624 717 593 817 157 917 273
10 21 866 121 777 221 602 321 87 421 624 521 488 621 8 721 746 821 356 921 742
10 25 857 125 119 225 765 325 23 425 996 525 883 625 537 725 100 825 188 925 990
10 29 945 129 750 229 254 329 102 429 305 529 454 629 964 729 928 829 46 929 120
10 33 552 133 263 233 896 333 505 433 349 533 872 633 344 733 357 833 617 933 699
10 37 450 137 473 237 170 337 215 437 847 537 517 637 97 737 383 837 968 937 284
10 41 724 141 912 241 386 341 977 441 13 541 42 641 431 741 977 841 969 941 476
10 45 96 145 872 245 739 345 344 445 376 545 439 645 215 745 719 845 795 945 831
10 49 770 149 245 249 655 349 291 449 811 549 853 649 807 749 907 849 235 949 774
10 53 543 153 310 253 686 353 280 453 286 553 50 653 321 753 68 853 26 953 641
10 57 896 157 474 257 512 357 986 457 817 557 887 657 424 757 31 857 957 957 571
10 61 213 161 726 261 167 361 867 461 16 561 977 661 719 761 174 861 883 961 305
10 65 948 165 777 265 966 365 985 465 56 565 251 665 34 765 376 865 671 965 412
10 69 16 169 566 269 885 369 527 469 551 569 53 669 765 769 326 869 83 969 722
10 73 896 173 647 273 447 373 62 473 513 573 815 673 38 773 583 873 988 973 273
10 77 239 177 935 277 49 377 204 477 271 577 457 677 806 777 305 877 832 977 476
10 81 716 181 200 281 393 381 952 481 78 581 295 681 4 781 843 881 621 981 438
10 85 916 185 516 285 84 385 714 485 930 585 948 685 528 785 967 885 530 985 516
10 89 591 189 120 289 802 389 640 489 323 589 73 689 448 789 128 889 729 989 279
10 93 956 193 796 293 830 393 348 493 747 593 908 693 643 793 102 893 102 993 263
10 97 539 197 369 297 130 397 974 497 82 597 59 697 921 797 610 897 378 997 802
10 1 477 101 968 201 921 301 630 401 959 501 243 601 702 701 406 801 722 901 782
10 5 37 105 677 205 929 305 866 405 377 505 675 605 125 705 371 805 128 905 578
10 9 985 109 18 209 946 309 114 409 991 509 28 609 525 709 263 809 989 909 902
10 13 64 113 817 213 221 313 984 413 446 513 180 613 578 713 500 813 937 913 300
10 17 281 117 973 217 328 317 210 417 191 517 56 617 236 717 667 817 426 917 716
10 21 245 121 762 221 733 321 542 421 228 521 724 621 921 721 752 821 986 921 261
10 25 5 125 402 225 77 325 577 425 385 525 523 625 756 725 963 825 22 925 45
10 29 614 129 302 229 17 329 941 429 863 529 559 629 349 729 451 829 226 929 774
10 33 166 133 822 233 536 333 898 433 715 533 763 633 973 733 636 833 866 933 311
10 37 896 137 222 237 712 337 973 437 798 537 448 637 847 737 554 837 410 937 868
10 41 950 141 375 241 521 341 318 441 316 541 736 641 877 741 16 841 186 941 454
10 45 789 145 351 245 627 345 676 445 248 545 341 645 790 745 573 845 328 945 655
10 49 883 149 224 249 876 349 594 449 548 549 26 649 41 749 394 849 931 949 803
10 53 613 153 880 253 177 353 133 453 197 553 844 653 868 753 73 853 859 953 405
10 57 878 157 1000 257 755 357 504 457 27 557 355 657 845 757 817 857 927 957 524
10 61 823 161 809 261 747 361 51 461 754 561 646 661 76 761 146 861 391 961 6
10 65 300 165 3 265 885 365 829 465 488 565 433 665 24 765 707 865 506 965 883
10 69 112 169 383 269 234 369 218 469 239 569 612 669 572 769 83 869 428 969 498
10 73 606 173 603 273 658 373 705 473 5 573 763 673 702 773 432 873 909 973 93
10 77 789 177 560 277 447 377 25 477 388 577 286 677 457 777 412 877 993 977 962
10 81 646 181 456 281 697 381 879 481 673 581 935 681 842 781 245 881 369 981 270
10 85 94 185 326 285 224 385 752 485 382 585 228 685 866 785 84 885 11 985 774
10 89 528 189 799 289 686 389 326 489 823 589 73 689 612 789 279 889 836 989 956
10 93 593 193 481 293 411 393 641 493 711 593 435 693 575 793 553 893 31 993 295
10 97 174 197 125 297 620 397 397 497 228 597 354 697 976 797 445 897 789 997 338
10 1 571 101 316 201 136 301 256 401 993 501 310 601 328 701 604 801 588 901 516
10 5 559 105 532 205 996 305 321 405 172 505 707 605 108 705 98 805 611 905 138
10 9 392 109 784 209 614 309 364 409 532 509 193 609 69 709 859 809 638 909 857
10 13 196 113 208 213 524 313 331 413 815 513 516 613 640 713 494 813 120 913 579
10 17 9 117 30 217 463 317 5 417 703 517 986 617 63 717 810 817 84 917 673
10 21 299 121 827 221 456 321 265 421 542 521 339 621 809 721 610 821 197 921 798
10 25 818 125 392 225 5 325 341 425 74 525 171 625 857 725 65 825 665 925 976
10 29 995 129 673 229 357 329 457 429 677 529 59 629 795 729 91 829 220 929 878
10 33 763 133 871 233 56 333 570 433 487 533 950 633 908 733 295 833 911 933 456
10 37 93 137 729 237 847 337 449 437 69 537 272 637 620 737 925 837 336 937 284
10 41 252 141 331 241 308 341 609 441 139 541 337 641 19 741 933 841 427 941 591
10 45 162 145 542 245 461 345 218 445 111 545 947 645 519 745 371 845 593 945 429
10 49 178 149 685 249 157 349 25 449 486 549 226 649 296 749 105 849 502 949 984
10 53 740 153 106 253 314 353 47 453 714 553 452 653 383 753 84 853 385 953 810
10 57 674 157 898 257 351 357 486 457 115 557 813 657 784 757 633 857 535 957 729
10 61 414 161 713 261 413 361 570 461 89 561 898 661 147 761 736 861 354 961 1
10 65 719 165 93 265 106 365 32 465 140 565 171 665 836 765 874 865 254 965 572
10 69 35 169 280 269 469 369 385 469 117 569 936 669 550 769 253 869 568 969 436
10 73 981 173 333 273 148 373 745 473 903 573 236 673 643 773 401 873 972 973 348
10 77 401 177 42 277 441 377 506 477 74 577 932 677 676 777 261 877 157 977 282
10 81 832 181 192 281 913 381 652 481 928 581 29 681 587 781 477 881 281 981 507
10 85 913 185 613 285 839 385 412 485 358 585 93 685 1000 785 1000 885 494 985 323
10 89 699 189 894 289 364 389 139 489 752 589 789 689 422 789 779 889 49 989 579
10 93 60 193 232 293 770 393 972 493 884 593 697 693 353 793 822 893 526 993 633
10 97 328 197 790 297 246 397 519 497 201 597 955 697 611 797 200 897 954 997 104
10 1 522 101 652 201 350 301 886 401 143 501 101 601 674 701 564 801 879 901 75
10 5 494 105 291 205 658 305 263 405 262 505 541 605 312 705 966 805 715 905 837
10 9 951 109 42 209 626 309 548 409 912 509 826 609 502 709 523 809 378 909 455
10 13 978 113 899 213 458 313 327 413 136 513 952 613 427 713 162 813 868 913 658
10 17 236 117 361 217 948 317 893 417 976 517 561 617 786 717 287 817 879 917 500
10 21 475 121 829 221 893 321 100 421 376 521 805 621 277 721 877 821 679 921 6
10 25 683 125 656 225 905 325 492 425 983 525 392 625 444 725 761 825 553 925 663
10 29 770 129 140 229 23 329 69 429 385 529 998 629 982 729 170 829 636 929 860
10 33 21 133 110 233 688 333 265 433 561 533 63 633 421 733 838 833 291 933 99
10 37 843 137 973 237 107 337 99 437 464 537 441 637 491 737 259 837 553 937 395
10 41 921 141 323 241 535 341 944 441 743 541 919 641 293 741 724 841 440 941 281
10 45 583 145 460 245 390 345 622 445 76 545 951 645 684 745 497 845 140 945 974
10 49 947 149 334 249 298 349 405 449 785 549 762 649 845 749 627 849 20 949 398
10 53 21 153 293 253 72 353 907 453 588 553 814 653 825 753 880 853 538 953 264
10 57 160 157 472 257 75 357 902 457 94 557 503 657 204 757 129 857 351 957 343
10 61 103 161 297 261 28 361 400 461 54 561 812 661 513 761 898 861 438 961 885
10 65 647 165 811 265 177 365 70 465 717 565 764 665 884 765 894 865 995 965 773
10 69 157 169 507 269 596 369 584 469 408 569 689 669 86 769 611 869 818 969 436
10 73 305 173 272 273 84 373 684 473 23 573 137 673 848 773 888 873 387 973 637
10 77 772 177 33 277 447 377 948 477 103 577 164 677 63 777 338 877 409 977 57
10 81 462 181 565 281 563 381 57 481 500 581 322 681 98 781 937 881 284 981 915
10 85 724 185 588 285 538 385 808 485 624 585 912 685 296 785 471 885 799 985 34
10 89 107 189 922 289 419 389 554 489 221 589 873 689 69 789 283 889 210 989 477
10 93 340 193 671 293 393 393 254 493 79 593 245 693 576 793 176 893 181 993 859
10 97 442 197 905 297 799 397 331 497 64 597 422 697 243 797 711 897 892 997 393
10 1 745 101 998 201 315 301 163 401 903 501 535 601 35 701 323 801 818 901 596
10 5 799 105 509 205 618 305 544 405 762 505 696 605 788 705 337 805 224 905 320
10 9 196 109 665 209 576 309 346 409 996 509 639 609 767 709 238 809 702 909 658
10 13 982 113 798 213 7 313 296 413 312 513 910 613 183 713 698 813 584 913 352
10 17 293 117 735 217 860 317 262 417 278 517 973 617 957 717 417 817 662 917 180
10 21 736 121 209 221 197 321 664 421 554 521 192 621 302 721 320 821 781 921 355
10 25 329 125 762 225 152 325 335 425 410 525 815 625 596 725 944 825 512 925 180
10 29 295 129 804 229 914 329 506 429 65 529 191 629 830 729 374 829 959 929 491
10 33 905 133 46 233 699 333 101 433 709 533 604 633 644 733 363 833 923 933 776
10 37 717 137 251 237 890 337 221 437 938 537 299 637 35 737 533 837 594 937 547
10 41 64 141 240 241 702 341 977 441 745 541 119 641 519 741 926 841 844 941 477
10 45 417 145 100 245 875 345 467 445 553 545 583 645 71 745 196 845 945 945 345
10 49 972 149 14 249 948 349 861 449 586 549 885 649 511 749 620 849 769 949 456
10 53 518 153 833 253 695 353 572 453 161 553 791 653 690 753 680 853 716 953 885
10 57 508 157 132 257 984 357 382 457 951 557 536 657 965 757 373 857 84 957 261
10 61 69 161 55 261 626 361 16 461 267 561 211 661 252 761 129 861 183 961 373
10 65 584 165 700 265 205 365 630 465 271 565 365 665 420 765 312 865 396 965 135
10 69 548 169 904 269 619 369 532 469 285 569 569 669 67 769 601 869 293 969 150
10 73 214 173 361 273 556 373 839 473 729 573 174 673 50 773 980 873 654 973 232
10 77 352 177 589 277 283 377 908 477 218 577 906 677 625 777 637 877 569 977 372
10 81 772 181 117 281 275 381 742 481 648 581 912 681 310 781 66 881 864 981 954
10 85 568 185 77 285 314 385 475 485 268 585 394 685 649 785 669 885 374 985 302
10 89 900 189 77 289 891 389 534 489 337 589 460 689 439 789 313 889 97 989 8
10 93 684 193 220 293 124 393 311 493 961 593 123 693 222 793 622 893 540 993 437
10 97 575 197 107 297 866 397 240 497 582 597 133 697 634 797 582 897 801 997 359
10 1 235 101 52 201 787 301 125 401 937 501 123 601 937 701 376 801 787 901 33
10 5 735 105 471 205 252 305 210 405 133 505 212 605 684 705 706 805 833 905 223
10 9 142 109 759 209 330 309 7 409 998 509 263 609 491 709 983 809 844 909 643
10 13 341 113 78 213 46 313 480 413 555 513 983 613 954 713 491 813 358 913 741
10 17 875 117 444 217 563 317 126 417 653 517 695 617 689 717 336 817 400 917 873
10 21 910 121 893 221 631 321 239 421 900 521 980 621 853 721 742 821 963 921 696
10 25 385 125 655 225 126 325 430 425 134 525 32 625 764 725 88 825 522 925 121
10 29 180 129 396 229 916 329 742 429 873 529 920 629 788 729 561 829 607 929 539
10 33 785 133 517 233 431 333 415 433 107 533 682 633 746 733 960 833 424 933 60
10 37 7 137 160 237 67 337 132 437 589 537 552 637 163 737 353 837 991 937 36
10 41 825 141 170 241 783 341 93 441 263 541 655 641 12 741 402 841 567 941 619
10 45 940 145 351 245 135 345 371 445 117 545 593 645 52 745 215 845 552 945 475
10 49 274 149 911 249 634 349 340 449 394 549 575 649 892 749 557 849 279 949 882
10 53 944 153 455 253 404 353 727 453 547 553 666 653 733 753 559 853 68 953 300
10 57 529 157 359 257 2 357 15 457 729 557 471 657 607 757 133 857 685 957 511
10 61 607 161 310 261 421 361 593 461 2 561 814 661 519 761 245 861 722 961 797
10 65 478 165 18 265 603 365 881 465 744 565 150 665 899 765 476 865 60 965 318
10 69 127 169 940 269 676 369 481 469 954 569 757 669 951 769 912 869 889 969 987
10 73 422 173 847 273 648 373 194 473 439 573 649 673 360 773 309 873 893 973 81
10 77 105 177 371 277 98 377 60 477 603 577 193 677 561 777 853 877 21 977 620
10 81 522 181 499 281 911 381 550 481 979 581 864 681 306 781 281 881 127 981 546
10 85 267 185 549 285 392 385 915 485 742 585 183 685 915 785 453 885 491 985 160
10 89 534 189 948 289 530 389 983 489 7 589 484 689 176 789 567 889 689 989 548
10 93 538 193 210 293 46 393 448 493 759 593 25 693 663 793 64 893 657 993 789
0
