1000000 1000000
500
549770 616926 550949 617693
202604 984333 203867 985504
436884 242287 437496 242538
207087 611586 207300 612829
523789 853594 523975 853745
999117 238874 999723 239210
694175 970287 694311 970923
220638 786497 220887 787209
471191 811560 471280 811764
727673 78084 728899 814673
521146 172810 522367 173060
685568 568849 685914 569065
592162 114762 592595 116003
863913 240922 864147 240959
507667 638376 508252 639025
174956 499045 780067 499392
342434 780404 343222 780602
735154 420246 735828 420652
331951 690049 332080 691255
332711 955031 333054 955765
710372 603588 711666 604630
329631 293046 330310 293397
641741 342230 642285 342299
987684 194847 988129 194984
472118 703603 472497 704602
818570 464246 819034 465052
216066 817940 216116 818128
647338 361611 648275 362643
202197 697411 203184 698148
187662 211763 188420 211851
405930 322997 406897 323358
751217 646600 751233 646794
318923 265333 319742 266398
290169 124038 565570 125267
337628 916844 338002 917823
321938 336984 322766 338137
728634 952236 729810 952252
910559 895405 911298 895912
119194 93430 120345 93959
903381 145527 904353 145875
298234 973761 299269 975035
866463 462992 866617 464080
422737 505978 423825 507015
114765 586190 115517 614473
639534 521753 640635 522421
738609 520251 968788 520986
63399 714192 63981 715123
707846 698118 708873 698446
605442 221944 605601 223097
236957 278841 237658 279567
543133 291072 544403 291813
349055 752786 349324 753356
231145 879654 231443 880777
659293 761626 719827 762434
624050 573334 625321 574382
583116 384315 583486 384907
231979 522566 232311 523861
85334 2444 85973 3696
664834 501103 665953 502282
485354 362525 486129 362859
208119 267395 209243 268239
135819 455759 136882 456874
837451 727174 838725 727993
951388 609896 951838 610036
352895 854807 352919 855461
569253 862985 569991 863676
574756 677163 575941 677915
919735 410802 920590 411299
351281 912607 351785 913532
10686 638899 189769 640101
736422 8028 737388 8684
61003 483150 61378 483291
637494 342751 637864 343124
823742 928780 901687 929618
289646 681396 290371 682431
69878 513361 70442 514075
974058 390956 974414 391359
335837 721143 337128 722306
531449 686887 531591 688176
84744 874921 84992 876094
524024 559622 524118 559869
956186 692497 956323 693099
676854 250872 677153 252153
297243 559040 298250 559297
412248 128478 829923 128879
160186 315747 160711 316732
30779 577057 30882 577515
757416 27242 758393 27939
901787 809164 902168 809865
294757 977356 295244 978286
343 137827 1457 138446
606641 751474 607258 837184
321043 576369 321086 576752
943722 543012 944279 544306
873115 567140 873419 567342
933354 721415 933772 722606
102970 299173 759884 299939
993 272279 1044 522392
911528 47300 912476 48325
643641 419819 644873 987498
974284 275869 974783 276303
191996 400349 192057 400781
198807 791513 199448 792426
867417 172688 867990 173743
84001 940034 84505 941153
844772 344209 845096 345473
839586 212649 839924 213519
979362 732277 991990 733568
351050 110463 351223 110908
571871 559384 572813 559509
797194 743178 798322 743712
514625 327458 515864 763771
586176 329339 586348 329854
795671 857243 796737 858028
325082 546254 325702 546288
31457 628101 32560 629389
168288 204519 169416 204604
383719 804087 384920 806854
598657 196369 598922 196977
758707 868082 758835 926676
216235 72353 216871 73570
534820 656731 535812 657385
689714 529401 689971 530176
671535 591705 671949 592487
182213 907784 421100 908336
616525 244011 616611 244382
895038 982834 895219 983876
161874 118759 161963 118896
209785 923145 480118 923697
523403 375122 524600 376214
396499 536216 397140 537047
123874 276085 124861 276743
168954 392506 170158 744835
569409 376204 570116 376880
346328 284612 347477 285902
738939 455267 884765 546065
655291 383488 656111 383787
459283 499777 459432 943136
990129 643042 990687 643145
527359 899915 527764 900053
399101 608155 485871 608424
625410 114745 626607 748994
241888 811250 243181 812136
479847 258024 480275 859240
217881 750188 218665 750193
51869 458805 52944 459672
389323 264077 872625 264864
83193 593792 84006 594566
825608 17389 826144 17917
186144 574981 186470 575378
355873 589153 357050 589427
263008 332385 263643 333136
371805 680707 872702 681477
230242 68427 377382 69258
563420 688827 734096 689093
238218 992169 238501 992470
350163 811576 549788 812058
911775 43084 912733 43869
190374 498831 191207 499331
337345 403835 338546 405016
795434 391643 796713 391903
935550 760082 936736 760155
331854 861667 332608 862422
334172 769811 334758 770011
392336 76308 393045 76832
594440 707144 594728 852960
567811 973164 568447 973720
562156 54370 562374 416824
238346 972765 238431 973670
443340 545638 443642 726474
536147 428420 537437 429629
359011 608203 359146 608915
749192 12839 749304 13757
846495 987409 847630 988574
251045 296687 737136 297069
666924 819399 667898 819539
925883 493706 927061 494390
308073 764989 308817 766005
461784 198099 462775 199398
889351 204754 889385 205415
11565 242731 12688 243000
70704 589050 71705 589209
977167 680225 978213 681404
197592 82379 198319 83072
906217 820571 906826 821089
204587 395788 205170 732317
198579 238928 199679 239396
949000 5027 949508 5628
30970 520767 31508 521173
640792 348083 642024 348389
344530 939223 345260 940180
332577 391196 333637 391967
626270 460106 626697 460261
718394 907389 718718 907721
408090 214425 938352 215306
234907 915421 916189 916564
715573 356580 715933 356693
956658 259720 957778 260350
651570 79712 651723 80948
579973 270094 826919 271245
592179 11452 592837 12002
210905 643228 211925 643683
799836 731016 800580 731123
853913 11553 854201 11714
754856 555160 755218 555961
253530 369193 253728 370270
803047 922922 803654 923814
334793 112039 334933 112464
747830 569369 747877 570457
426729 966862 426853 967969
554486 279865 555270 280756
150811 967504 151790 967647
597189 377325 983127 377346
934144 786239 934698 786497
476717 158083 476871 158156
174049 653655 174766 653775
965376 559196 965724 559993
395303 610640 395567 611753
288951 285337 289460 285425
26307 582642 27256 583651
418053 612976 418552 614224
616398 258036 617569 258427
802367 444746 803550 445338
692279 994356 692895 994385
127650 688523 128357 689681
723850 916285 724931 916659
898450 600754 898792 602029
318609 185757 318652 185978
685459 405176 686294 936699
920585 287172 920937 288199
740218 23092 740730 23984
285495 61726 804080 62209
478363 420569 479283 421559
727739 366067 728371 366764
479149 662554 480209 663550
134866 608457 542524 609737
591164 634107 591774 634372
215035 887822 215087 888089
424800 926305 425818 995972
307306 931809 308446 932711
54021 876219 54410 876601
496379 494084 496472 785353
939890 647491 941003 647948
177364 651505 177475 652788
373540 661827 374406 662132
105481 915711 106158 992649
12017 912494 12993 913514
893192 797061 894456 798286
297047 984967 297256 985261
65312 659595 65457 660707
788475 857340 789696 857952
606141 438400 607087 438751
331822 118284 332726 118580
323352 461185 324449 462435
540613 989125 727831 989896
263541 560270 263676 561159
262218 613006 262280 614012
728539 735206 729495 961567
9672 39095 10622 39749
79755 192128 79929 637083
31680 319847 32397 320988
210926 926750 211594 927344
728286 240614 729309 241112
263727 481296 263954 481825
656163 943374 656774 943479
778350 841635 779181 841983
317899 265998 318216 267193
443541 91747 444394 91934
583021 362669 643398 363634
867557 357646 868045 358837
743558 927971 744545 928093
732906 575385 734160 576499
613462 431824 613978 432839
381359 556760 382142 614696
348426 382612 348817 383784
352423 514655 352797 977512
218206 844909 218249 845075
471182 550749 471754 551163
119020 827457 119360 963879
278313 833416 279223 900676
162462 686643 163179 687566
579505 531337 580156 531725
113409 163668 114012 164073
833388 249586 834271 913789
255034 563294 255445 563873
606002 823550 607075 824770
896530 2748 897230 475908
657165 144363 657527 144610
680506 432357 910701 433654
568766 322901 569591 880936
814347 248649 814812 905009
760609 677512 761031 678154
125972 73125 127015 73561
475791 413386 477004 413538
648096 335179 648781 335998
962089 303906 962865 304581
895102 772379 925731 772998
786556 770016 787481 770339
216790 706868 799923 707654
631643 295041 632792 295929
757101 549860 757391 550498
295700 309851 296619 310114
797128 569015 797233 569448
242583 781343 243162 782275
792644 779304 972167 780411
70038 266731 70501 267008
29466 190695 29587 190821
584844 538905 585918 539591
647813 92907 648152 93146
266725 305078 267861 305849
230143 805538 231080 805776
63414 2885 63829 3069
328787 492000 329294 492305
860075 798856 860577 799532
666734 640659 667035 641469
820510 651396 820924 651525
223837 528054 224096 528646
963817 115655 964772 115806
266499 889420 267201 890291
859548 813156 859620 814073
951867 371136 952950 372211
425982 460371 427210 604473
425687 467450 426441 468424
431131 751000 431754 949980
94492 862781 95233 862883
748301 327185 748477 327849
140492 48658 141406 828475
217397 800147 218088 800245
835186 503166 836450 503815
176459 198778 177541 199397
572984 94664 573999 95553
468871 963386 469624 964567
509672 540876 510190 541849
895225 752535 895855 752646
991974 633691 992096 633850
973971 71654 974795 72521
812029 917456 812883 918674
750745 896571 751980 896728
402609 838242 403357 839453
799719 459189 907004 972823
371865 377443 372340 378542
438594 215468 439090 215482
107159 246479 107871 247622
784558 79054 784680 79822
966968 584083 968043 608998
362985 816899 363810 817405
647162 394011 648407 394355
369616 921684 683060 932889
338010 571645 338279 572057
546617 833688 547480 834122
419460 418029 420036 419123
6534 149563 7455 150262
863767 567259 863837 774956
656635 609389 657878 609795
659290 991624 660430 996764
48546 707793 48907 801038
349092 7840 349356 8532
495501 25380 496497 26649
274969 128294 275688 128340
36218 268493 36230 269563
5598 452827 117546 453715
30397 11086 30914 11887
246729 859512 246782 860667
848880 815433 849346 816181
155968 376485 156974 376994
853608 886527 854269 887331
295244 107547 296026 108147
793468 556812 794526 556889
176396 783838 625497 784669
228058 134196 228140 135111
336586 56352 336789 57124
156357 506998 157357 507582
306955 922644 307607 923400
473294 893264 473974 894479
575262 234231 914945 234753
845166 193001 846422 193279
156946 467933 157015 468688
49867 380749 734330 381729
978653 824136 979099 824176
219869 772510 221126 779421
449819 938377 451045 978058
527604 512774 527625 513937
729293 770524 729356 770995
724809 195314 725802 196232
422000 972129 422110 972732
300290 51834 300462 52125
584817 97034 585524 97665
671058 206421 672207 206443
369996 277494 370696 278066
457471 147689 457844 147983
640103 408004 640934 408027
526908 739799 527322 740865
781746 520454 782816 520897
341133 381177 341427 382097
707935 4186 709190 4500
148558 122790 149852 123323
707975 583283 708921 583736
192263 583176 884197 584363
993041 257197 993729 257825
327263 266362 790898 267295
146806 783530 146860 784724
288421 393366 608443 393697
201618 992681 362128 992873
929194 132863 930244 133635
763187 10361 763704 10693
847784 339205 848791 340481
379994 816596 380712 816893
695095 956344 695846 956474
686061 86549 687045 86691
95433 21468 96010 21506
835771 521737 836937 522138
911510 672444 911623 672580
86838 689032 393038 689774
544179 453221 885363 523708
710342 147310 710446 148309
419237 359589 420288 360214
43228 761762 43664 762767
532768 967912 532952 968099
83030 5278 84309 6422
765591 165732 765955 166285
231569 506257 231675 507388
205500 641666 205528 642624
643856 995016 643981 995350
305908 876676 306774 877665
688812 4767 690110 882293
867926 788628 868229 789276
792606 647271 793867 648368
312714 705566 313108 706403
25446 301919 25749 302898
563604 650844 564220 838572
57623 373204 58167 374162
769267 151145 770286 151932
514660 419704 514923 420285
302325 923042 303607 923259
31199 768391 31958 768905
599099 746336 599316 747177
91751 344398 92748 893407
391322 897359 392349 898170
203515 372861 203900 373127
377057 352417 377985 352796
672149 126375 672751 127057
460796 227897 472902 356080
132086 61475 133136 61899
857285 782011 858260 782593
345274 335347 345817 956013
15106 698783 15422 698872
792072 137840 792280 138733
946606 577981 946971 578687
488476 465458 489266 972415
611363 444043 611943 703490
740479 291555 740740 292749
923859 210063 988872 210927
917587 856644 918541 857305
635961 855954 636100 856097
782689 354464 782800 355076
838315 460315 838942 460429
345798 42512 369247 42944
313878 172958 314256 173071
266242 525771 266979 566856
385978 674072 386738 675021
333491 434321 333724 434678
848283 782559 848342 901961
795011 223308 796184 224446
48720 166127 49118 167424
693198 290114 694209 290986
639519 876200 639650 915202
383969 343549 385128 343935
882077 595323 882226 596337
919054 38230 920276 211518
549974 914978 550255 915513
585482 744185 586467 744533
626677 451367 627719 452289
364717 523629 365937 817711
595461 847923 596691 848832
739370 694407 739811 695078
916317 720797 917144 721039
101417 974072 101542 974745
537485 439323 538241 440276
429944 384046 430036 384624
41040 899198 41749 899772
232361 490898 286504 490919
717167 33008 998376 34237
635728 611665 636806 611719
993673 284478 994572 284797
267997 633227 269109 633245
257020 902207 258319 902925
715289 966371 716111 967268
727899 748959 728749 749891
562104 395566 562161 395894
377515 720605 377694 721660
363845 293504 365082 511246
182252 922514 618800 974294
512367 248354 513561 248490
361797 776093 362697 776831
129198 906798 129791 907518
760233 396139 760413 396951
721644 803612 722181 804850
234344 765583 802398 765711
430190 948441 459351 948469
849337 254562 850573 255024
