1000000 1000000
500
607467 369143 607618 369355
418541 738044 551820 807819
833557 716342 996206 862746
802454 512064 802761 512099
90751 209601 91333 210601
194458 386752 195083 387191
240018 914932 610685 915657
520320 20432 913691 681853
571105 422570 571132 422788
746809 295561 798839 295620
960054 469724 960859 470993
520300 242877 520941 720895
860494 34143 861737 35340
715919 99751 749748 598548
200235 85499 519284 85553
402908 40934 403603 41321
218416 57357 218538 924508
842026 911145 842143 912118
158786 31868 964766 969904
797753 900261 798712 900636
708955 448425 709741 688371
172138 579194 172860 579339
383418 992741 384611 993281
637676 912650 638334 917031
248467 40018 877215 40478
267715 322287 337711 322946
772575 954462 958710 975040
942220 668132 961644 668546
431115 389820 431437 390366
50018 940421 50161 940602
211058 96689 246471 96951
465889 117736 466876 118595
2932 457437 2943 457494
744259 45862 744786 547460
155477 352535 155740 353646
511287 871880 511684 872158
174582 190006 972109 191243
413387 999104 413529 999260
881183 887889 881683 888459
815198 506737 988155 507859
712738 213758 713075 213879
274550 274301 427297 718967
225559 32839 225891 33205
709361 630395 709585 682054
637083 408060 638163 409330
630333 538471 630601 539021
408253 209851 409498 211107
182034 562339 182501 684064
835081 876534 835130 877317
240997 281569 828719 281809
570589 537418 571031 538170
382638 840119 507566 841102
865829 257679 866597 588314
469717 926134 470630 953597
82039 907801 82815 908828
86399 778624 86877 779253
252577 632831 252617 633215
918448 495150 973171 583969
401276 714072 402489 714168
123078 89142 123883 89644
223422 666710 442405 976197
617542 38810 673061 630123
223019 513820 223866 759065
857644 557025 857946 557427
323741 87460 957946 811626
64188 485839 65439 487086
542310 661357 543476 662032
442215 262857 758407 857287
192058 887766 192090 888922
307838 878930 308921 879110
712162 385996 712178 466964
67079 30803 67332 232053
517219 679475 784480 679619
506541 694685 507029 790420
808606 347322 809241 348180
105452 521591 105495 522869
25427 109281 26549 110564
535391 768866 543270 769234
155903 619557 829172 931883
627527 770562 627801 771175
313007 549424 313267 550468
174681 802562 174984 803738
732867 703871 802184 704923
103433 105495 103775 106114
620533 380271 620950 381270
690150 870182 690914 870247
959766 682127 960188 682907
649012 74859 650312 75595
713105 278790 940057 278922
76802 664570 384160 759150
900854 954508 901025 972320
994818 606372 996068 606510
889885 92059 925821 92561
382097 810104 382788 810511
898051 113800 899312 114817
723574 383096 724146 591442
187372 547038 188140 547388
82172 197656 816665 670831
803790 313544 804474 737744
992462 710836 993505 866530
410150 458022 656480 459114
229318 540241 418784 729921
661362 457269 851856 757988
425902 524241 426662 936436
134434 350251 480241 350598
961542 266866 962781 267875
963963 519736 964521 520850
405110 88717 405333 697535
45117 459850 45654 460352
265938 427986 266877 428758
333305 571683 533301 572040
778764 62594 864866 650102
578872 395568 579422 396728
819556 554021 819913 554067
314477 341553 392257 342391
113272 930893 113772 931231
421829 181410 421864 181465
792348 587249 838647 588100
987084 405859 995577 890501
773756 419073 774232 419515
881937 473742 940016 673629
583144 164777 583626 164881
438444 809051 439074 847753
56349 912786 718973 913688
658357 779943 658638 781101
631775 646315 631971 903393
812655 436677 813768 824543
652045 931203 729356 932167
900981 433542 902094 433569
708940 44715 965246 856098
899058 147463 899504 148309
564361 66159 564658 66477
979413 245472 979573 258552
120800 930994 121715 931621
988179 888718 999216 911524
463880 755419 647700 756468
123187 632470 713063 632940
835599 818757 835702 819643
917801 474193 918420 474959
886956 965350 986063 965460
652740 571677 679612 572329
99957 328958 100710 329238
435064 938903 747191 939553
598642 560832 599030 875200
24292 117769 25286 117978
176082 683595 176657 885564
404264 15614 405555 16156
607057 810482 635232 810974
187361 846599 422480 846816
259819 958615 543487 983196
985990 441402 987078 492890
907988 217838 974417 218685
554342 496266 555236 497428
779433 991553 861971 994823
883380 352142 884260 352467
362485 722402 363233 974696
267941 319910 268428 462258
197231 917391 197996 943152
148922 1564 150165 2754
622985 628824 986464 629530
738409 384946 752924 385545
82914 50619 621647 51524
863833 587765 865075 588521
882534 92404 883658 93618
690187 231031 690891 231913
984718 516490 985550 517139
231953 33673 232384 34658
410863 346179 411844 346678
11193 411812 11848 412022
528423 722641 528477 722993
451470 81427 510518 239930
196405 730755 347266 731801
409259 706393 409978 706898
818051 992719 818520 993976
491284 333772 727036 924856
479075 168003 480138 848480
578376 761517 957396 963834
888596 151881 997195 152804
851468 137019 852688 796930
49904 144535 50526 145303
15178 802643 15804 906385
472350 708098 472474 708380
831661 268622 831775 269584
92381 190781 93163 191538
914900 912805 916021 913360
74835 588066 75999 588238
629296 552186 630082 552654
396675 424490 984146 669780
889972 223553 905985 224096
651238 202320 651727 339503
451780 275591 452919 320839
444171 37719 445178 38738
987176 300153 991433 948320
653568 96066 845538 96852
30736 962939 30801 963085
554620 164022 555618 272326
883535 129011 884210 129332
850945 235911 851818 814480
53960 391641 54837 392434
284629 618205 840728 636508
585466 880793 585894 881939
483304 306595 483715 307767
456904 555991 457718 556113
334584 722902 335786 723364
657409 823252 658251 823680
501210 504369 712341 505239
90827 454914 885832 780561
327324 75287 769710 626171
664373 493257 736013 651334
400567 476786 714410 575764
846693 533036 899518 533465
622092 185948 732203 186437
636299 505160 637498 505435
586375 490048 586379 490325
337466 679578 508913 931289
194954 60403 769347 60780
603551 155738 604851 855074
240857 320561 241001 837465
878005 370130 879044 370378
264430 152936 264474 525378
195848 616035 196365 975137
229113 134687 229437 683519
726927 218478 837572 710715
705680 379432 705830 380546
200023 4168 200175 4262
820188 496785 853960 496940
153805 430532 154837 431631
687195 221442 688179 708899
824024 245981 950955 246139
403878 378034 749940 946594
340780 190215 341328 190494
115551 250833 115701 558427
31752 989665 31858 990427
575082 517350 615810 865953
625782 301205 853762 301397
644860 197385 934043 198536
539212 446654 821793 447761
741458 128070 742237 128736
705940 71036 707079 72153
102130 822120 103383 822619
536024 861529 830272 885761
859643 316017 859956 429174
628583 404160 629861 405460
470032 832964 545456 910725
657086 625364 710798 626423
502875 556033 503183 593567
530089 784184 530442 859207
38121 549221 38836 549728
270000 830384 270273 830500
507358 518302 825111 918816
631520 447786 631907 448766
885709 585369 886357 585903
1666 799823 2255 865883
269994 157090 520914 844178
158162 117710 158511 178435
870735 365730 882073 366151
788836 509847 821924 510327
428290 557711 428675 557760
166597 880215 167693 880504
343830 725780 461508 726870
251679 376242 251857 377487
156173 788183 157018 788667
382131 218360 811983 218912
496937 694297 497032 942803
850455 839157 851486 840060
184166 480203 186793 485173
611746 118998 612272 119482
115857 571739 116519 682120
145106 909867 145527 910602
729231 321290 729597 321919
709717 628783 710417 628978
996798 253532 998037 254666
550643 44676 640828 45522
769909 994369 892232 999989
312328 329081 313088 330348
564001 155744 784319 155877
682469 374298 683377 654591
304928 849530 306151 849853
47007 860786 48013 861458
758436 443605 759457 444418
783308 396249 784461 597862
134900 691411 990836 691946
634910 675870 739591 676846
910920 793270 911610 850322
187721 253683 188243 966287
993965 371151 994268 371674
802733 11398 985738 12170
366217 324696 367265 498975
612030 458589 612934 459026
722826 795139 722857 796191
222990 983867 224209 999550
566970 637497 568236 691006
306898 43719 307290 44069
850118 128167 850350 128890
612151 518999 612330 520233
80384 508924 80577 509128
584270 547064 584842 899105
932090 54762 933061 55687
852837 901136 853961 901244
943129 283154 990956 284216
776333 673029 776897 679221
65678 187362 91551 188644
707548 420413 707784 421399
353423 668702 970075 739809
565237 241056 566068 300960
7972 387935 436734 388503
129292 702647 793826 703808
411686 594608 412232 595217
831297 217969 831619 311515
332057 579199 333334 579649
401650 740465 846305 746960
833870 709148 834910 710208
557914 119230 557970 119820
268407 32677 268817 33562
414025 672566 414176 687680
811808 729371 812973 730643
335720 184702 336324 184761
339389 156056 339949 157302
714283 285478 842820 680764
766789 156661 839445 157097
97865 944100 99106 993036
44039 515591 261171 917477
971782 216105 999430 217253
181466 207984 181771 209029
611845 538478 611884 883961
730332 856736 731559 857951
562787 835110 564072 981139
533645 588012 533704 789349
822424 459315 822791 460320
618761 790312 619627 790588
696244 883820 696415 884855
172628 893502 173037 894676
461720 349606 996264 350768
69763 313526 70123 314803
192136 416832 192699 417008
242883 453204 243050 454186
227999 728007 523246 729225
464871 831527 465909 831646
64445 914465 64961 915218
180240 752163 180993 753150
798975 198129 799836 198720
771761 865086 771826 866246
772211 135755 772598 136536
548141 977047 549382 977979
382779 407362 382975 408005
96780 671879 97024 938442
205585 17901 474683 218282
401957 557445 402456 558098
475680 193935 662366 194730
134973 117036 135198 797708
694131 40554 764480 41206
242333 876252 242765 938847
727847 505298 727972 505603
914194 380884 915059 381129
157067 760063 257993 817070
111823 939520 113022 994007
70214 141367 242106 141470
216362 35626 216948 113663
581597 438314 978113 439547
360000 46799 475575 652234
612934 112459 613241 113436
481418 915801 896778 916024
480958 851240 767991 851483
612479 795789 612491 800631
777442 454392 777759 808892
450001 154515 450397 155234
849159 770725 874419 770774
235924 561285 481690 562412
448272 941497 448542 942026
720649 310062 721932 395150
378383 512245 379682 733064
643083 695058 747410 695612
538967 143 580574 901
515125 46735 515874 47534
985758 674302 996492 675267
376053 354914 629670 598098
302067 275194 666534 818316
604396 643972 605614 989975
471142 374165 472253 635960
141324 947129 733815 950751
51361 838207 51584 983376
469752 255425 470162 290948
448022 5215 449010 904975
428836 212941 428918 212946
629215 24136 630375 833374
779123 903066 811376 903940
183091 683144 183150 959997
245648 151421 899268 329351
872324 242957 872665 244029
200102 891131 201030 982648
969387 725375 969700 811716
450934 193235 451497 194463
453037 882510 454182 883499
560038 337868 561916 338130
308652 39950 309704 41248
875065 686562 875629 965053
522094 358700 523028 359474
770139 996511 895890 996625
826918 424545 919554 425268
110637 475593 111847 476681
876080 250526 902325 547411
268516 307479 268763 307597
930689 832676 931612 833842
37207 666904 649016 667705
833970 329078 837064 329815
145616 237975 444879 238469
363928 193929 364580 194243
291723 842506 292461 842656
700107 741094 700907 742394
228832 158850 848739 159478
471316 570607 472446 571698
408822 360400 409923 826389
255589 489622 339038 489704
785511 472596 786031 623104
451679 688289 733137 689179
846960 113093 987935 114267
295850 403138 296074 403944
71160 906876 971957 907655
552080 810400 722246 947787
33311 866556 141336 867743
694242 739100 746473 740342
702703 675767 702855 675772
417480 928116 417955 928164
732686 607127 733639 607311
213493 210878 812572 211586
356814 252920 357351 253717
695331 485282 696032 485785
500649 97411 500990 97832
863120 257775 993854 258566
409215 840586 410251 840620
450637 843433 451014 844404
347272 328767 347530 329761
695337 814461 696090 814590
599830 945945 599986 946415
960450 785570 968484 867095
642456 862447 966254 863305
64606 364281 570150 652511
521181 564477 521947 564664
710688 646332 820314 646715
129896 433168 896167 434175
381936 10103 382965 598958
938291 674397 938887 675335
630164 131938 631411 132914
685604 807848 745912 808253
944366 219010 944916 871518
747704 662673 747885 663770
859027 29952 860121 306979
652894 288762 871852 557791
789586 994323 888029 997919
630524 353519 806446 689658
586615 353520 586722 354112
146941 521224 147146 522395
351311 436520 392511 436555
746957 368913 808990 368918
247752 653163 789775 653271
150452 973327 150631 973729
97201 204724 98036 205354
507982 99588 508793 100290
473991 56626 659900 605224
526909 369489 527091 928077
282817 892674 283948 944070
914433 237932 914461 348321
503115 215909 503153 216165
14245 851297 784927 851569
340657 693319 553943 977029
481533 189000 917493 993564
624352 378816 624455 379907
303831 290810 372010 291777
486504 648739 486831 971355
994084 691254 995172 692195
371436 920148 549345 920798
808086 505594 869247 506705
90204 892839 90290 893970
749693 167363 750690 435404
103254 274507 420191 471024
391733 222991 392011 223362
872505 926394 872659 927160
323382 491297 332863 492084
822692 561433 823818 562479
567853 215288 568288 216243
753820 823425 853359 824015
35143 911069 36383 911875
513497 764865 514093 765769
470727 509073 858271 509550
667359 54334 785130 629929
547834 651091 548283 817603
205275 860993 361439 861996
682406 221920 683038 341142
839164 935819 840034 936113
422558 235971 722304 236182
456697 216718 457041 216932
452551 553992 453362 890349
120257 893596 120811 975664
831349 856650 831972 857858
766891 524642 839841 525839
791015 560259 988015 560308
161486 468262 162750 864521
715077 624866 739280 840321
346752 978899 662992 979985
554183 285721 555314 286692
