3000 3000
300
627 1024 634 2416
1222 489 1225 493
2102 1364 2122 1385
2867 456 2878 479
2747 1147 2771 1177
857 1414 867 1430
782 2554 793 2569
2112 1170 2142 1187
1727 1959 1742 1965
1723 1220 1738 1248
2102 1939 2132 1969
1727 113 1751 116
828 2073 842 2085
2265 1827 2284 1833
1264 2007 1293 2016
2252 2148 2270 2158
1415 2515 1427 2537
833 1485 847 1493
2540 2316 2548 2328
469 2716 472 2727
644 374 660 401
1186 1736 1214 1761
1662 1441 1667 1461
1397 2726 1416 2734
2070 631 2095 633
2731 2524 2774 2536
1799 682 1926 683
1249 934 1261 1138
1695 856 1720 880
475 2006 2038 2017
81 2579 104 2581
346 2362 362 2382
2007 1961 2022 1990
592 610 621 630
2940 2023 2998 2444
2363 159 2392 184
1090 2140 1093 2141
90 1345 1995 1353
3 1760 10 1765
1452 2662 1477 2668
329 305 343 321
1813 1206 1818 1220
1220 2905 1245 2918
1335 1305 1350 1324
760 2252 784 2264
1149 2129 1159 2991
1021 271 1040 300
2606 2715 2622 2732
1277 121 1292 148
661 1549 681 1565
2503 2015 2524 2025
92 992 100 1004
996 800 1016 813
1528 2150 1535 2153
1860 1159 1876 1183
961 2248 964 2249
1978 947 1994 962
923 345 936 375
2585 2122 2613 2141
132 2804 158 2815
1825 1979 1845 1992
46 1590 59 2879
2294 2901 2317 2922
1707 1972 1720 1986
798 936 827 947
1807 1478 1817 1502
1717 1167 1745 1176
2259 2793 2269 2817
246 2766 268 2778
253 2814 279 2828
1736 1949 1749 2614
2843 370 2868 2535
2122 1083 2148 1096
2434 944 2456 969
2243 2889 3000 2899
1101 1419 1121 1428
619 1831 2000 1838
2018 2196 2032 2199
2014 2195 2035 2203
1403 2196 1421 2480
210 1425 217 1444
2922 621 2927 909
2600 1581 2852 1592
9 2641 17 2657
2656 2857 2660 2886
308 1070 317 1078
1498 2706 1525 2940
1639 174 1642 192
349 2960 364 2974
62 2122 92 2558
51 1115 53 1133
1775 983 2468 2030
1191 1053 1215 1766
2285 368 2293 394
2955 1909 2971 1929
2824 389 2854 400
1716 2033 2075 2056
2753 605 2757 630
1283 799 1285 824
1679 1817 1693 1846
760 576 763 2028
2341 924 2364 932
2345 1889 2358 1894
2490 81 2519 99
1 65 6 68
129 1773 144 1782
1665 530 1677 534
416 2688 428 2692
1336 999 1364 1003
2850 1133 2872 1146
540 1049 545 2348
1171 1676 1197 1684
807 1504 835 1522
1175 112 1199 137
1519 315 1524 2984
2653 620 2780 632
778 1534 783 1551
2211 1193 2817 1216
1832 1732 1841 1757
343 1169 351 1197
1441 966 1457 2121
901 2604 923 2765
1701 776 2307 787
2259 1876 2272 1906
1288 1496 1317 1521
1587 506 1597 533
2324 1436 2332 1446
989 2742 1007 2757
1413 160 1430 162
1392 2756 1402 2778
778 790 805 810
109 2393 128 2397
107 2411 130 2422
483 1426 2235 1448
2660 84 2676 96
2020 2408 2831 2412
387 2827 391 2831
1432 2943 1433 2946
735 2355 748 2376
1481 967 1501 986
325 429 344 449
87 2053 89 2054
2828 937 2842 939
2196 2647 2201 2666
2352 1764 2382 1784
24 1559 29 1578
2192 50 2524 57
1802 1671 1821 1686
239 364 261 367
2815 83 2845 109
612 2104 615 2107
2880 2656 2941 2682
1699 2892 1708 2897
1552 1859 1559 1863
2069 1305 2654 1329
860 1792 868 1819
2674 262 2682 266
900 2234 2658 2254
209 764 230 794
2814 1864 2818 1893
2139 1768 2169 1769
1903 910 1925 933
1779 362 1797 364
147 1587 2768 1608
406 2303 409 2307
2553 428 2573 447
2733 1224 2759 1236
197 880 215 893
1061 1273 1084 1283
95 1513 125 1522
2 340 8 369
46 18 71 47
2322 1495 2345 1511
1795 2847 1823 2876
2016 2872 2042 2916
2405 86 2433 1702
1766 1614 1776 1631
1337 1810 2310 2819
2373 1924 2381 1925
2240 2191 2765 2675
1971 2751 1988 2984
1340 1862 1345 1886
2323 2081 2326 2088
2862 1915 2885 1940
973 2004 983 2017
877 882 905 895
731 1644 755 1652
2203 1582 2224 1607
1214 2127 1226 2145
1461 465 1465 2804
2364 149 2367 160
625 1354 631 1375
1987 2147 1988 2162
1309 892 1315 913
1322 185 1344 214
2877 1532 2895 1542
1346 2584 1353 2833
2150 1590 2156 1605
1674 1439 1692 1440
868 499 872 2998
678 193 698 1621
1797 2951 1802 2973
2279 50 2545 52
390 297 402 308
91 906 102 936
881 2196 886 2207
1464 1156 1472 1167
1537 1109 1542 1113
439 1775 461 1777
2406 2975 2427 2996
88 533 111 537
2138 2404 2939 2409
2628 1292 2654 1315
2558 508 2572 1349
646 2468 664 2487
299 2201 325 2229
1311 371 1326 375
1173 1833 1197 1856
2630 432 2633 456
2452 1073 2479 1102
1407 2607 1436 2633
528 2863 543 2884
2194 975 2217 980
593 2445 607 2619
1225 1729 1243 1736
1163 1747 2424 2399
2887 2583 2894 2591
249 2986 256 2997
2963 1573 2965 1592
488 382 517 386
427 729 435 733
973 184 990 198
844 395 858 2491
1796 823 1816 848
1681 2767 2557 2772
2664 2733 2686 2735
1904 1142 1924 1572
1306 1248 1318 1258
2718 1494 2743 1515
2683 2653 2692 2657
1267 2819 1283 2839
839 1884 855 2148
2794 1647 2807 1677
1583 1144 1611 1156
211 1874 212 1890
970 1839 974 1860
784 206 797 216
558 235 574 238
335 671 357 682
862 2025 882 2787
1282 1190 1796 1217
2899 70 2929 97
0 2629 15 2659
1508 2326 2944 2329
1427 2426 1434 2432
2344 1627 2345 1648
2633 1247 2638 1252
2946 1046 2968 2765
838 2381 853 2382
2860 1904 2869 1912
1249 890 1270 914
2079 586 2086 604
490 115 500 142
113 515 1373 542
731 2950 745 2955
87 1861 90 1889
868 2835 874 2839
623 1962 636 1981
1564 1792 1567 1805
1656 2729 1663 2742
2258 763 2281 772
669 2783 681 2808
2759 2454 2768 2471
2531 29 2538 71
1880 1590 2266 1618
1438 1333 1446 1361
2773 75 2786 94
1145 1636 2001 1662
1968 2444 1973 2447
1223 2270 1240 2274
2636 1609 2649 1611
2001 313 2017 339
1822 1706 1836 1730
1719 1249 1735 1275
2952 713 2955 720
1392 744 1395 764
2942 1140 2947 1153
2386 2969 2392 2996
2281 2624 2310 2638
621 2321 645 2333
275 1889 284 1914
1413 2547 1431 2557
2677 2446 2693 2456
1588 607 1608 621
2969 2152 2971 2177
2767 1895 2778 1897
1178 529 1187 538
2201 1775 2216 1801
1386 58 1400 85
1452 1710 1475 1722
