3000 3000
300
719 1732 732 1740
253 952 273 958
2760 1331 2790 1342
1976 579 1986 589
2701 762 2703 786
2851 2807 2866 2829
1301 2736 1305 2755
1205 2558 1230 2573
1419 1092 1427 1106
1660 2803 1665 2821
441 483 445 512
1349 925 1351 948
1597 1564 1608 2573
343 238 360 249
2310 628 2317 657
41 2016 71 2039
964 279 970 292
1930 371 1952 380
988 2638 1018 2668
507 699 511 722
1325 603 1348 624
2227 879 2233 2350
2468 358 2475 371
1897 2957 1912 2960
1865 541 1873 550
2502 2289 2522 2995
960 2616 984 2620
2188 637 2192 639
1598 2033 1621 2034
535 1322 556 2603
412 1745 434 1753
434 2211 437 2216
1672 1601 1684 1607
768 104 777 2425
307 2972 326 2976
1863 1567 1868 1589
1997 67 2013 78
2920 467 2943 495
2215 1302 2244 1331
1317 66 1338 1483
1741 549 1768 565
1415 2811 1574 2840
2108 2508 2119 2519
2134 2784 2150 2803
232 391 239 418
2957 1319 2974 1326
2674 2355 2678 2366
2880 2011 2908 2040
810 57 822 84
320 197 325 198
2925 2131 2945 2146
2664 1424 2668 1426
1617 2364 1636 2777
2561 2210 2590 2230
213 210 226 226
2372 1316 2402 1337
836 2560 847 2567
2817 1153 2846 1174
1150 952 1153 959
179 2779 2993 2790
1677 2640 1686 2658
1258 1140 1282 1144
1330 2806 1345 2821
2082 257 2093 2215
2604 237 2628 241
1708 1087 1725 1097
180 1942 188 1948
2219 2203 2222 2219
2646 2615 2825 2643
748 473 767 495
2139 1965 2142 1981
365 848 2388 2088
2638 602 2647 608
1705 20 2195 26
2989 898 2996 914
255 1515 285 1534
1897 519 1908 542
913 2850 927 2892
1105 2262 1108 2266
1931 1830 1961 1853
2484 2030 2502 2033
1000 1969 1025 1975
815 1211 836 1750
72 1636 101 1664
2439 1063 2458 2089
2902 1495 2956 2744
1064 648 1086 1911
2750 462 2754 469
1755 1226 1768 1234
2922 1253 2951 1259
2114 2443 2119 2473
2364 156 2387 181
2263 2124 2270 2153
2224 2466 2240 2493
1629 2050 1653 2070
1883 933 1911 963
555 1328 575 1335
2493 1906 2508 2377
1309 1147 1320 2416
801 1538 819 1564
336 2622 1866 2643
2186 405 2190 1101
733 1719 749 1736
2316 1644 2324 1661
2967 2154 2992 2175
2433 2027 2447 2054
1799 632 1812 637
1215 2834 1241 2852
1810 2470 1831 2483
1996 1471 2021 2946
1204 1066 1233 1081
1401 2802 1415 2805
924 410 942 418
1601 2227 1621 2378
2908 1552 2931 1563
2679 569 2680 583
1962 998 1978 1018
815 1384 839 1397
2920 2113 2922 2127
2356 2124 2378 2133
2536 1616 2556 1639
889 501 917 522
2922 2259 2923 2274
85 2882 2239 2900
950 2623 957 2652
2376 999 2383 1029
1383 2103 1385 2123
1555 1837 1570 1846
2765 805 2781 818
2956 2804 2985 2809
610 1563 621 1577
211 1171 238 1196
1211 20 1229 41
669 2828 687 2834
723 2906 734 2917
1128 1437 2494 1441
2003 1161 2021 1187
2074 839 2093 851
1021 175 1030 200
1559 2933 1562 2961
1000 1245 1024 1253
565 2661 595 2690
1642 67 1654 80
156 1454 175 1477
2405 2188 2420 2204
147 1777 151 1792
2112 743 2127 756
1057 1267 1068 1758
1181 1015 1195 2496
2045 2581 2046 2599
1589 1479 1592 1506
486 686 489 710
399 882 421 912
803 2164 804 2928
2399 2949 2423 2958
2582 1663 2966 1689
192 2813 219 2842
2811 2251 2830 2929
1850 307 1864 320
2451 1304 2481 1322
2621 2030 2636 2035
640 268 656 292
709 583 731 586
462 2605 485 2612
1695 180 1708 197
109 477 117 506
2648 5 2669 1836
452 2827 477 2833
2676 2473 2702 2491
1857 2872 1878 2889
1705 1263 1723 1289
1064 795 1092 805
263 1892 293 1893
1536 1824 1554 1853
156 2482 167 2487
2981 1877 2995 1882
2403 710 2983 713
1519 685 1542 703
776 2896 806 2910
1294 808 1312 826
25 2594 54 2623
324 1991 337 2004
871 2443 892 2466
340 1768 351 1780
2593 2575 2600 2595
892 1190 908 1213
2879 2316 2892 2330
2851 2951 2856 2969
780 753 787 758
2304 2171 2334 2182
1599 472 2075 2321
703 2611 714 2627
1067 958 1073 2845
2745 1436 2766 1451
371 2637 376 2663
1767 1734 1768 1762
206 2348 221 2371
1341 2456 1348 2459
375 1920 395 1947
2924 2802 2929 2808
246 254 250 1687
2912 1244 2913 1248
1831 2969 1841 2997
1627 2543 1652 2544
1125 2902 1142 2906
2441 1446 2778 1468
1267 1507 1280 1536
2874 1332 2896 1362
1438 1954 1455 1977
1331 2245 2439 2258
1163 2392 1191 2420
169 749 1729 771
77 2188 86 2216
2841 2372 2854 2390
915 1217 1400 1224
1711 1540 1715 1549
1813 959 1836 982
2099 1460 2120 1488
808 1747 818 1763
2841 2458 2862 2487
2800 2499 2817 2503
1427 1047 1440 1068
899 192 2522 222
181 1085 188 1098
3 2924 5 2933
2709 547 2719 559
2847 613 2876 1598
1136 2550 1141 2572
1437 1923 1466 1947
2634 75 2657 88
1433 2973 1456 2992
2789 1561 2801 1576
1541 329 1563 348
1268 2670 1274 2690
2055 2076 2078 2093
2491 2985 2517 2997
1259 2801 1268 2820
106 2708 117 2713
863 2420 873 2446
204 2442 209 2670
2163 2346 2174 2357
478 800 1165 805
759 1180 782 1197
2922 2037 2925 2065
2271 818 2277 827
40 2862 65 2865
917 2622 934 2953
1858 1472 1869 1486
1830 2398 1856 2417
2211 1820 2228 1825
1909 1543 1923 1544
755 813 2486 823
1019 2893 1028 2897
384 627 408 656
480 2391 2510 2401
2446 2389 2463 2938
2718 1324 2884 1347
2757 965 2759 975
236 171 2932 172
797 1708 802 2726
2156 1634 2525 2917
1457 2164 1473 2176
806 463 834 481
2771 2128 2800 2147
1731 1500 2986 1526
2879 2655 2895 2672
2393 2012 2415 2042
764 689 788 707
106 1641 1737 1658
1821 1170 1835 1193
1765 756 1770 761
331 2505 332 2515
2600 1421 2927 1443
447 2708 468 2726
2893 1767 2910 1794
2789 590 2971 2095
2484 451 2503 458
1251 2513 1256 2864
274 1803 2429 1804
2369 2407 2375 2416
1801 1604 1823 1620
798 2215 802 2229
118 635 124 660
2755 2873 2781 2903
571 903 597 1342
877 2887 2135 2893
474 564 2945 585
2446 1883 2453 1889
1008 2935 1015 2938
2347 2197 2376 2198
2907 668 2920 1992
432 383 444 410
1572 1060 1596 1063
967 1509 983 1524
1617 1149 1646 1163
765 1241 1593 1424
2220 2353 2232 2356
495 2957 515 2959
210 1858 222 2776
2264 1697 2281 1700
