100 40
10 125 132 131 600 233 617 302 867 421 786 445 455 640 490 708 376 860 267 956 448
9 18 798 40 963 93 996 231 661 409 358 447 486 568 801 706 806 804 28
10 56 96 318 554 500 334 599 794 613 147 643 765 702 187 806 275 914 324 970 19
10 226 994 230 966 323 709 367 437 581 684 764 905 859 918 887 653 912 238 914 599
9 69 788 174 842 175 657 197 326 233 263 343 406 606 232 640 701 847 502
10 20 536 163 100 222 335 253 440 437 919 448 991 477 134 553 356 814 504 882 199
10 18 942 272 989 290 641 312 804 431 511 517 25 774 640 864 600 924 593 993 352
10 161 678 179 59 219 827 298 764 468 545 507 951 522 345 604 661 656 738 979 851
10 84 697 315 279 377 569 487 717 537 228 554 786 622 8 712 720 816 8 898 958
10 58 841 93 659 281 976 337 267 508 955 527 138 741 639 765 27 876 785 999 942
9 17 408 140 724 149 101 178 389 308 127 394 488 580 824 605 713 813 895
9 114 82 171 454 172 481 295 259 474 362 497 9 608 226 789 92 873 215
10 119 820 292 453 306 721 366 726 376 218 421 271 487 544 549 220 579 563 743 360
10 87 195 309 183 372 103 685 717 798 665 840 818 971 790 973 150 978 806 990 887
10 111 605 265 972 422 117 461 908 634 471 672 210 887 941 938 957 939 462 955 433
7 37 434 73 441 125 921 418 904 900 709 902 136 907 870
5 137 585 230 513 268 279 667 153 708 118
10 148 300 197 336 286 462 319 197 341 619 442 205 489 643 813 455 957 680 976 906
9 193 325 198 859 204 955 331 955 440 765 653 22 713 778 744 216 773 766
10 48 176 210 368 382 342 431 824 446 183 566 657 589 321 677 245 774 500 988 451
7 2 28 174 213 453 750 601 456 791 768 924 783 973 457
10 39 890 211 332 572 283 618 333 640 398 789 902 849 752 855 855 864 172 908 629
10 11 840 192 244 229 28 287 683 334 303 359 267 415 547 679 595 867 45 930 276
10 1 166 11 918 48 205 293 242 478 621 492 764 607 849 809 414 906 526 911 364
9 98 627 162 714 196 329 231 149 266 797 575 924 820 335 830 609 840 351
10 65 495 164 703 186 934 262 838 420 932 487 763 497 96 723 133 794 186 844 637
8 328 51 440 647 530 701 640 90 668 245 744 216 802 240 820 385
9 64 640 242 466 297 625 417 158 440 944 523 345 853 970 964 709 1000 208
4 113 450 439 732 507 648 924 440
9 164 657 219 130 377 350 424 927 463 125 495 243 621 310 752 769 818 239
9 226 197 425 795 426 949 456 591 471 790 676 896 703 192 829 71 955 82
10 262 151 374 813 466 418 508 164 541 674 762 840 825 170 832 120 918 867 942 379
9 11 424 111 372 133 21 190 149 199 739 298 161 305 382 476 519 975 965
8 30 212 224 470 273 329 465 948 487 73 763 765 816 520 993 595
9 107 9 160 328 345 305 361 725 450 462 473 231 701 827 749 16 977 340
5 97 184 100 689 150 455 181 504 515 923
9 25 786 180 106 332 595 361 41 463 644 481 984 576 572 683 946 713 850
10 83 53 159 820 173 151 177 536 197 96 241 957 386 365 537 111 677 782 997 607
10 166 700 312 838 335 248 386 332 522 869 538 395 620 285 625 636 803 394 945 563
10 57 832 136 419 183 171 305 385 316 778 443 611 546 263 674 269 762 136 844 927
6 145 696 228 217 244 341 318 281 517 326 730 843
10 47 257 80 55 97 106 275 385 293 960 315 215 562 373 928 446 954 917 956 302
10 2 189 140 242 146 967 225 329 271 506 452 79 525 254 668 490 888 729 993 915
10 12 672 167 445 230 324 248 984 373 681 417 288 669 299 717 962 780 4 990 341
10 181 138 192 722 261 734 270 850 356 14 365 748 410 451 518 15 538 357 841 398
7 533 410 535 661 536 50 632 544 729 298 818 589 895 483
10 246 945 263 299 267 894 284 827 294 1 346 305 385 219 411 890 802 90 921 726
10 55 220 71 738 133 435 191 31 492 50 508 967 615 54 676 764 821 5 964 53
9 155 310 156 126 434 453 475 793 594 762 760 584 786 140 848 988 850 425
9 165 314 262 578 312 176 536 403 542 776 647 53 672 516 841 691 901 294
9 91 98 141 608 232 228 321 530 460 662 496 952 698 188 780 530 879 377
10 196 698 274 380 288 659 305 797 441 212 447 897 491 842 529 125 696 184 731 558
10 65 676 359 167 524 348 613 908 649 652 653 951 712 676 797 901 799 582 979 503
9 11 133 17 140 84 621 143 214 389 222 538 836 565 526 697 118 715 992
8 65 304 188 1 287 202 314 186 444 237 689 448 854 450 876 829
10 82 41 147 140 178 293 297 745 465 987 525 402 783 675 877 821 933 972 942 99
9 30 695 125 884 203 443 269 888 446 537 528 101 833 580 913 381 915 487
10 76 636 146 796 299 881 414 3 549 574 860 656 865 147 896 447 900 26 959 956
10 54 884 81 706 221 996 311 101 367 604 410 260 428 519 550 564 829 140 842 696
10 121 611 206 216 221 644 254 38 378 489 515 445 575 958 579 826 687 589 698 239
8 106 761 245 361 281 339 345 855 579 278 689 538 692 196 799 483
10 10 499 79 43 268 341 408 752 495 150 536 320 568 487 669 155 684 897 749 626
10 155 257 226 334 274 228 288 477 416 891 444 145 540 692 746 690 836 727 982 564
10 168 957 443 379 464 468 524 967 631 939 748 736 767 616 864 457 900 154 936 785
10 14 275 121 867 291 452 398 4 421 775 623 964 697 55 723 418 729 825 825 922
10 13 441 363 845 426 101 543 350 594 33 633 98 736 320 763 638 956 445 965 178
7 46 576 100 533 117 471 505 557 527 735 661 480 896 47
8 1 717 10 8 52 754 521 371 545 428 570 960 854 864 880 662
6 122 679 249 86 330 207 385 865 718 29 955 279
7 138 319 377 637 425 858 550 700 698 995 769 290 878 206
10 102 184 112 734 171 231 259 166 436 892 624 578 650 633 700 932 841 213 979 595
10 135 589 300 69 401 755 455 282 468 867 557 76 648 497 908 92 912 231 960 730
10 9 591 260 133 371 189 407 965 448 668 601 808 616 696 689 362 956 967 972 16
7 335 691 423 901 435 688 436 617 458 435 473 813 865 96
7 175 448 203 634 467 153 491 710 633 978 833 205 892 703
10 109 214 185 272 325 73 413 795 486 626 562 703 655 371 671 309 726 890 987 408
9 54 876 246 448 352 691 512 789 585 594 603 505 775 114 794 773 939 701
10 4 884 85 48 247 707 365 385 437 871 733 698 766 548 884 192 944 217 974 255
9 58 241 68 326 123 414 153 643 232 10 279 781 457 927 593 772 962 255
10 34 621 140 777 398 94 478 507 517 4 524 255 735 980 760 925 946 478 996 373
10 96 969 237 149 289 874 322 36 392 338 494 983 507 843 548 915 751 174 774 353
8 15 427 106 3 166 192 208 737 418 884 755 256 777 398 833 756
7 132 37 169 890 352 855 357 188 359 786 444 295 505 485
9 78 446 275 537 295 18 341 423 379 359 599 836 775 780 783 707 949 815
10 37 204 63 920 104 598 150 32 496 378 800 985 807 835 916 122 955 911 960 411
9 115 876 117 725 291 917 316 255 553 787 688 695 832 797 893 178 995 645
9 249 833 260 302 280 612 283 394 370 625 401 398 433 7 509 364 720 666
9 49 481 148 100 173 918 266 136 335 875 590 660 691 579 772 380 962 108
9 50 413 207 293 227 269 355 12 501 333 634 640 663 465 707 192 891 558
9 38 653 77 417 85 462 258 717 305 660 351 902 459 624 632 547 871 635
9 7 158 150 560 194 142 265 234 332 156 460 77 694 693 858 39 889 525
9 219 427 284 528 333 741 374 195 488 171 638 425 690 627 755 238 757 214
9 129 470 236 945 330 88 364 739 371 372 781 324 840 999 857 405 920 425
10 231 367 437 961 515 140 542 825 586 732 698 828 820 591 837 123 846 133 847 979
10 36 56 77 273 88 443 92 431 293 394 329 786 371 471 461 707 563 667 902 537
10 30 417 59 654 88 936 89 582 182 185 387 949 440 582 442 829 948 837 997 662
7 20 386 27 686 510 800 512 92 644 303 701 228 967 955
9 80 91 191 699 193 54 262 198 390 77 526 612 569 871 760 242 890 15
10 109 97 125 553 163 325 430 719 586 424 766 160 778 108 800 188 819 587 954 72
7 233 418 299 178 628 757 658 255 732 774 861 308 877 608
