1000000 1000000
1000
0 999 1000000 999001
1 998 999999 999002
2 997 999998 999003
3 996 999997 999004
4 995 999996 999005
5 994 999995 999006
6 993 999994 999007
7 992 999993 999008
8 991 999992 999009
9 990 999991 999010
10 989 999990 999011
11 988 999989 999012
12 987 999988 999013
13 986 999987 999014
14 985 999986 999015
15 984 999985 999016
16 983 999984 999017
17 982 999983 999018
18 981 999982 999019
19 980 999981 999020
20 979 999980 999021
21 978 999979 999022
22 977 999978 999023
23 976 999977 999024
24 975 999976 999025
25 974 999975 999026
26 973 999974 999027
27 972 999973 999028
28 971 999972 999029
29 970 999971 999030
30 969 999970 999031
31 968 999969 999032
32 967 999968 999033
33 966 999967 999034
34 965 999966 999035
35 964 999965 999036
36 963 999964 999037
37 962 999963 999038
38 961 999962 999039
39 960 999961 999040
40 959 999960 999041
41 958 999959 999042
42 957 999958 999043
43 956 999957 999044
44 955 999956 999045
45 954 999955 999046
46 953 999954 999047
47 952 999953 999048
48 951 999952 999049
49 950 999951 999050
50 949 999950 999051
51 948 999949 999052
52 947 999948 999053
53 946 999947 999054
54 945 999946 999055
55 944 999945 999056
56 943 999944 999057
57 942 999943 999058
58 941 999942 999059
59 940 999941 999060
60 939 999940 999061
61 938 999939 999062
62 937 999938 999063
63 936 999937 999064
64 935 999936 999065
65 934 999935 999066
66 933 999934 999067
67 932 999933 999068
68 931 999932 999069
69 930 999931 999070
70 929 999930 999071
71 928 999929 999072
72 927 999928 999073
73 926 999927 999074
74 925 999926 999075
75 924 999925 999076
76 923 999924 999077
77 922 999923 999078
78 921 999922 999079
79 920 999921 999080
80 919 999920 999081
81 918 999919 999082
82 917 999918 999083
83 916 999917 999084
84 915 999916 999085
85 914 999915 999086
86 913 999914 999087
87 912 999913 999088
88 911 999912 999089
89 910 999911 999090
90 909 999910 999091
91 908 999909 999092
92 907 999908 999093
93 906 999907 999094
94 905 999906 999095
95 904 999905 999096
96 903 999904 999097
97 902 999903 999098
98 901 999902 999099
99 900 999901 999100
100 899 999900 999101
101 898 999899 999102
102 897 999898 999103
103 896 999897 999104
104 895 999896 999105
105 894 999895 999106
106 893 999894 999107
107 892 999893 999108
108 891 999892 999109
109 890 999891 999110
110 889 999890 999111
111 888 999889 999112
112 887 999888 999113
113 886 999887 999114
114 885 999886 999115
115 884 999885 999116
116 883 999884 999117
117 882 999883 999118
118 881 999882 999119
119 880 999881 999120
120 879 999880 999121
121 878 999879 999122
122 877 999878 999123
123 876 999877 999124
124 875 999876 999125
125 874 999875 999126
126 873 999874 999127
127 872 999873 999128
128 871 999872 999129
129 870 999871 999130
130 869 999870 999131
131 868 999869 999132
132 867 999868 999133
133 866 999867 999134
134 865 999866 999135
135 864 999865 999136
136 863 999864 999137
137 862 999863 999138
138 861 999862 999139
139 860 999861 999140
140 859 999860 999141
141 858 999859 999142
142 857 999858 999143
143 856 999857 999144
144 855 999856 999145
145 854 999855 999146
146 853 999854 999147
147 852 999853 999148
148 851 999852 999149
149 850 999851 999150
150 849 999850 999151
151 848 999849 999152
152 847 999848 999153
153 846 999847 999154
154 845 999846 999155
155 844 999845 999156
156 843 999844 999157
157 842 999843 999158
158 841 999842 999159
159 840 999841 999160
160 839 999840 999161
161 838 999839 999162
162 837 999838 999163
163 836 999837 999164
164 835 999836 999165
165 834 999835 999166
166 833 999834 999167
167 832 999833 999168
168 831 999832 999169
169 830 999831 999170
170 829 999830 999171
171 828 999829 999172
172 827 999828 999173
173 826 999827 999174
174 825 999826 999175
175 824 999825 999176
176 823 999824 999177
177 822 999823 999178
178 821 999822 999179
179 820 999821 999180
180 819 999820 999181
181 818 999819 999182
182 817 999818 999183
183 816 999817 999184
184 815 999816 999185
185 814 999815 999186
186 813 999814 999187
187 812 999813 999188
188 811 999812 999189
189 810 999811 999190
190 809 999810 999191
191 808 999809 999192
192 807 999808 999193
193 806 999807 999194
194 805 999806 999195
195 804 999805 999196
196 803 999804 999197
197 802 999803 999198
198 801 999802 999199
199 800 999801 999200
200 799 999800 999201
201 798 999799 999202
202 797 999798 999203
203 796 999797 999204
204 795 999796 999205
205 794 999795 999206
206 793 999794 999207
207 792 999793 999208
208 791 999792 999209
209 790 999791 999210
210 789 999790 999211
211 788 999789 999212
212 787 999788 999213
213 786 999787 999214
214 785 999786 999215
215 784 999785 999216
216 783 999784 999217
217 782 999783 999218
218 781 999782 999219
219 780 999781 999220
220 779 999780 999221
221 778 999779 999222
222 777 999778 999223
223 776 999777 999224
224 775 999776 999225
225 774 999775 999226
226 773 999774 999227
227 772 999773 999228
228 771 999772 999229
229 770 999771 999230
230 769 999770 999231
231 768 999769 999232
232 767 999768 999233
233 766 999767 999234
234 765 999766 999235
235 764 999765 999236
236 763 999764 999237
237 762 999763 999238
238 761 999762 999239
239 760 999761 999240
240 759 999760 999241
241 758 999759 999242
242 757 999758 999243
243 756 999757 999244
244 755 999756 999245
245 754 999755 999246
246 753 999754 999247
247 752 999753 999248
248 751 999752 999249
249 750 999751 999250
250 749 999750 999251
251 748 999749 999252
252 747 999748 999253
253 746 999747 999254
254 745 999746 999255
255 744 999745 999256
256 743 999744 999257
257 742 999743 999258
258 741 999742 999259
259 740 999741 999260
260 739 999740 999261
261 738 999739 999262
262 737 999738 999263
263 736 999737 999264
264 735 999736 999265
265 734 999735 999266
266 733 999734 999267
267 732 999733 999268
268 731 999732 999269
269 730 999731 999270
270 729 999730 999271
271 728 999729 999272
272 727 999728 999273
273 726 999727 999274
274 725 999726 999275
275 724 999725 999276
276 723 999724 999277
277 722 999723 999278
278 721 999722 999279
279 720 999721 999280
280 719 999720 999281
281 718 999719 999282
282 717 999718 999283
283 716 999717 999284
284 715 999716 999285
285 714 999715 999286
286 713 999714 999287
287 712 999713 999288
288 711 999712 999289
289 710 999711 999290
290 709 999710 999291
291 708 999709 999292
292 707 999708 999293
293 706 999707 999294
294 705 999706 999295
295 704 999705 999296
296 703 999704 999297
297 702 999703 999298
298 701 999702 999299
299 700 999701 999300
300 699 999700 999301
301 698 999699 999302
302 697 999698 999303
303 696 999697 999304
304 695 999696 999305
305 694 999695 999306
306 693 999694 999307
307 692 999693 999308
308 691 999692 999309
309 690 999691 999310
310 689 999690 999311
311 688 999689 999312
312 687 999688 999313
313 686 999687 999314
314 685 999686 999315
315 684 999685 999316
316 683 999684 999317
317 682 999683 999318
318 681 999682 999319
319 680 999681 999320
320 679 999680 999321
321 678 999679 999322
322 677 999678 999323
323 676 999677 999324
324 675 999676 999325
325 674 999675 999326
326 673 999674 999327
327 672 999673 999328
328 671 999672 999329
329 670 999671 999330
330 669 999670 999331
331 668 999669 999332
332 667 999668 999333
333 666 999667 999334
334 665 999666 999335
335 664 999665 999336
336 663 999664 999337
337 662 999663 999338
338 661 999662 999339
339 660 999661 999340
340 659 999660 999341
341 658 999659 999342
342 657 999658 999343
343 656 999657 999344
344 655 999656 999345
345 654 999655 999346
346 653 999654 999347
347 652 999653 999348
348 651 999652 999349
349 650 999651 999350
350 649 999650 999351
351 648 999649 999352
352 647 999648 999353
353 646 999647 999354
354 645 999646 999355
355 644 999645 999356
356 643 999644 999357
357 642 999643 999358
358 641 999642 999359
359 640 999641 999360
360 639 999640 999361
361 638 999639 999362
362 637 999638 999363
363 636 999637 999364
364 635 999636 999365
365 634 999635 999366
366 633 999634 999367
367 632 999633 999368
368 631 999632 999369
369 630 999631 999370
370 629 999630 999371
371 628 999629 999372
372 627 999628 999373
373 626 999627 999374
374 625 999626 999375
375 624 999625 999376
376 623 999624 999377
377 622 999623 999378
378 621 999622 999379
379 620 999621 999380
380 619 999620 999381
381 618 999619 999382
382 617 999618 999383
383 616 999617 999384
384 615 999616 999385
385 614 999615 999386
386 613 999614 999387
387 612 999613 999388
388 611 999612 999389
389 610 999611 999390
390 609 999610 999391
391 608 999609 999392
392 607 999608 999393
393 606 999607 999394
394 605 999606 999395
395 604 999605 999396
396 603 999604 999397
397 602 999603 999398
398 601 999602 999399
399 600 999601 999400
400 599 999600 999401
401 598 999599 999402
402 597 999598 999403
403 596 999597 999404
404 595 999596 999405
405 594 999595 999406
406 593 999594 999407
407 592 999593 999408
408 591 999592 999409
409 590 999591 999410
410 589 999590 999411
411 588 999589 999412
412 587 999588 999413
413 586 999587 999414
414 585 999586 999415
415 584 999585 999416
416 583 999584 999417
417 582 999583 999418
418 581 999582 999419
419 580 999581 999420
420 579 999580 999421
421 578 999579 999422
422 577 999578 999423
423 576 999577 999424
424 575 999576 999425
425 574 999575 999426
426 573 999574 999427
427 572 999573 999428
428 571 999572 999429
429 570 999571 999430
430 569 999570 999431
431 568 999569 999432
432 567 999568 999433
433 566 999567 999434
434 565 999566 999435
435 564 999565 999436
436 563 999564 999437
437 562 999563 999438
438 561 999562 999439
439 560 999561 999440
440 559 999560 999441
441 558 999559 999442
442 557 999558 999443
443 556 999557 999444
444 555 999556 999445
445 554 999555 999446
446 553 999554 999447
447 552 999553 999448
448 551 999552 999449
449 550 999551 999450
450 549 999550 999451
451 548 999549 999452
452 547 999548 999453
453 546 999547 999454
454 545 999546 999455
455 544 999545 999456
456 543 999544 999457
457 542 999543 999458
458 541 999542 999459
459 540 999541 999460
460 539 999540 999461
461 538 999539 999462
462 537 999538 999463
463 536 999537 999464
464 535 999536 999465
465 534 999535 999466
466 533 999534 999467
467 532 999533 999468
468 531 999532 999469
469 530 999531 999470
470 529 999530 999471
471 528 999529 999472
472 527 999528 999473
473 526 999527 999474
474 525 999526 999475
475 524 999525 999476
476 523 999524 999477
477 522 999523 999478
478 521 999522 999479
479 520 999521 999480
480 519 999520 999481
481 518 999519 999482
482 517 999518 999483
483 516 999517 999484
484 515 999516 999485
485 514 999515 999486
486 513 999514 999487
487 512 999513 999488
488 511 999512 999489
489 510 999511 999490
490 509 999510 999491
491 508 999509 999492
492 507 999508 999493
493 506 999507 999494
494 505 999506 999495
495 504 999505 999496
496 503 999504 999497
497 502 999503 999498
498 501 999502 999499
499 500 999501 999500
500 499 999500 999501
501 498 999499 999502
502 497 999498 999503
503 496 999497 999504
504 495 999496 999505
505 494 999495 999506
506 493 999494 999507
507 492 999493 999508
508 491 999492 999509
509 490 999491 999510
510 489 999490 999511
511 488 999489 999512
512 487 999488 999513
513 486 999487 999514
514 485 999486 999515
515 484 999485 999516
516 483 999484 999517
517 482 999483 999518
518 481 999482 999519
519 480 999481 999520
520 479 999480 999521
521 478 999479 999522
522 477 999478 999523
523 476 999477 999524
524 475 999476 999525
525 474 999475 999526
526 473 999474 999527
527 472 999473 999528
528 471 999472 999529
529 470 999471 999530
530 469 999470 999531
531 468 999469 999532
532 467 999468 999533
533 466 999467 999534
534 465 999466 999535
535 464 999465 999536
536 463 999464 999537
537 462 999463 999538
538 461 999462 999539
539 460 999461 999540
540 459 999460 999541
541 458 999459 999542
542 457 999458 999543
543 456 999457 999544
544 455 999456 999545
545 454 999455 999546
546 453 999454 999547
547 452 999453 999548
548 451 999452 999549
549 450 999451 999550
550 449 999450 999551
551 448 999449 999552
552 447 999448 999553
553 446 999447 999554
554 445 999446 999555
555 444 999445 999556
556 443 999444 999557
557 442 999443 999558
558 441 999442 999559
559 440 999441 999560
560 439 999440 999561
561 438 999439 999562
562 437 999438 999563
563 436 999437 999564
564 435 999436 999565
565 434 999435 999566
566 433 999434 999567
567 432 999433 999568
568 431 999432 999569
569 430 999431 999570
570 429 999430 999571
571 428 999429 999572
572 427 999428 999573
573 426 999427 999574
574 425 999426 999575
575 424 999425 999576
576 423 999424 999577
577 422 999423 999578
578 421 999422 999579
579 420 999421 999580
580 419 999420 999581
581 418 999419 999582
582 417 999418 999583
583 416 999417 999584
584 415 999416 999585
585 414 999415 999586
586 413 999414 999587
587 412 999413 999588
588 411 999412 999589
589 410 999411 999590
590 409 999410 999591
591 408 999409 999592
592 407 999408 999593
593 406 999407 999594
594 405 999406 999595
595 404 999405 999596
596 403 999404 999597
597 402 999403 999598
598 401 999402 999599
599 400 999401 999600
600 399 999400 999601
601 398 999399 999602
602 397 999398 999603
603 396 999397 999604
604 395 999396 999605
605 394 999395 999606
606 393 999394 999607
607 392 999393 999608
608 391 999392 999609
609 390 999391 999610
610 389 999390 999611
611 388 999389 999612
612 387 999388 999613
613 386 999387 999614
614 385 999386 999615
615 384 999385 999616
616 383 999384 999617
617 382 999383 999618
618 381 999382 999619
619 380 999381 999620
620 379 999380 999621
621 378 999379 999622
622 377 999378 999623
623 376 999377 999624
624 375 999376 999625
625 374 999375 999626
626 373 999374 999627
627 372 999373 999628
628 371 999372 999629
629 370 999371 999630
630 369 999370 999631
631 368 999369 999632
632 367 999368 999633
633 366 999367 999634
634 365 999366 999635
635 364 999365 999636
636 363 999364 999637
637 362 999363 999638
638 361 999362 999639
639 360 999361 999640
640 359 999360 999641
641 358 999359 999642
642 357 999358 999643
643 356 999357 999644
644 355 999356 999645
645 354 999355 999646
646 353 999354 999647
647 352 999353 999648
648 351 999352 999649
649 350 999351 999650
650 349 999350 999651
651 348 999349 999652
652 347 999348 999653
653 346 999347 999654
654 345 999346 999655
655 344 999345 999656
656 343 999344 999657
657 342 999343 999658
658 341 999342 999659
659 340 999341 999660
660 339 999340 999661
661 338 999339 999662
662 337 999338 999663
663 336 999337 999664
664 335 999336 999665
665 334 999335 999666
666 333 999334 999667
667 332 999333 999668
668 331 999332 999669
669 330 999331 999670
670 329 999330 999671
671 328 999329 999672
672 327 999328 999673
673 326 999327 999674
674 325 999326 999675
675 324 999325 999676
676 323 999324 999677
677 322 999323 999678
678 321 999322 999679
679 320 999321 999680
680 319 999320 999681
681 318 999319 999682
682 317 999318 999683
683 316 999317 999684
684 315 999316 999685
685 314 999315 999686
686 313 999314 999687
687 312 999313 999688
688 311 999312 999689
689 310 999311 999690
690 309 999310 999691
691 308 999309 999692
692 307 999308 999693
693 306 999307 999694
694 305 999306 999695
695 304 999305 999696
696 303 999304 999697
697 302 999303 999698
698 301 999302 999699
699 300 999301 999700
700 299 999300 999701
701 298 999299 999702
702 297 999298 999703
703 296 999297 999704
704 295 999296 999705
705 294 999295 999706
706 293 999294 999707
707 292 999293 999708
708 291 999292 999709
709 290 999291 999710
710 289 999290 999711
711 288 999289 999712
712 287 999288 999713
713 286 999287 999714
714 285 999286 999715
715 284 999285 999716
716 283 999284 999717
717 282 999283 999718
718 281 999282 999719
719 280 999281 999720
720 279 999280 999721
721 278 999279 999722
722 277 999278 999723
723 276 999277 999724
724 275 999276 999725
725 274 999275 999726
726 273 999274 999727
727 272 999273 999728
728 271 999272 999729
729 270 999271 999730
730 269 999270 999731
731 268 999269 999732
732 267 999268 999733
733 266 999267 999734
734 265 999266 999735
735 264 999265 999736
736 263 999264 999737
737 262 999263 999738
738 261 999262 999739
739 260 999261 999740
740 259 999260 999741
741 258 999259 999742
742 257 999258 999743
743 256 999257 999744
744 255 999256 999745
745 254 999255 999746
746 253 999254 999747
747 252 999253 999748
748 251 999252 999749
749 250 999251 999750
750 249 999250 999751
751 248 999249 999752
752 247 999248 999753
753 246 999247 999754
754 245 999246 999755
755 244 999245 999756
756 243 999244 999757
757 242 999243 999758
758 241 999242 999759
759 240 999241 999760
760 239 999240 999761
761 238 999239 999762
762 237 999238 999763
763 236 999237 999764
764 235 999236 999765
765 234 999235 999766
766 233 999234 999767
767 232 999233 999768
768 231 999232 999769
769 230 999231 999770
770 229 999230 999771
771 228 999229 999772
772 227 999228 999773
773 226 999227 999774
774 225 999226 999775
775 224 999225 999776
776 223 999224 999777
777 222 999223 999778
778 221 999222 999779
779 220 999221 999780
780 219 999220 999781
781 218 999219 999782
782 217 999218 999783
783 216 999217 999784
784 215 999216 999785
785 214 999215 999786
786 213 999214 999787
787 212 999213 999788
788 211 999212 999789
789 210 999211 999790
790 209 999210 999791
791 208 999209 999792
792 207 999208 999793
793 206 999207 999794
794 205 999206 999795
795 204 999205 999796
796 203 999204 999797
797 202 999203 999798
798 201 999202 999799
799 200 999201 999800
800 199 999200 999801
801 198 999199 999802
802 197 999198 999803
803 196 999197 999804
804 195 999196 999805
805 194 999195 999806
806 193 999194 999807
807 192 999193 999808
808 191 999192 999809
809 190 999191 999810
810 189 999190 999811
811 188 999189 999812
812 187 999188 999813
813 186 999187 999814
814 185 999186 999815
815 184 999185 999816
816 183 999184 999817
817 182 999183 999818
818 181 999182 999819
819 180 999181 999820
820 179 999180 999821
821 178 999179 999822
822 177 999178 999823
823 176 999177 999824
824 175 999176 999825
825 174 999175 999826
826 173 999174 999827
827 172 999173 999828
828 171 999172 999829
829 170 999171 999830
830 169 999170 999831
831 168 999169 999832
832 167 999168 999833
833 166 999167 999834
834 165 999166 999835
835 164 999165 999836
836 163 999164 999837
837 162 999163 999838
838 161 999162 999839
839 160 999161 999840
840 159 999160 999841
841 158 999159 999842
842 157 999158 999843
843 156 999157 999844
844 155 999156 999845
845 154 999155 999846
846 153 999154 999847
847 152 999153 999848
848 151 999152 999849
849 150 999151 999850
850 149 999150 999851
851 148 999149 999852
852 147 999148 999853
853 146 999147 999854
854 145 999146 999855
855 144 999145 999856
856 143 999144 999857
857 142 999143 999858
858 141 999142 999859
859 140 999141 999860
860 139 999140 999861
861 138 999139 999862
862 137 999138 999863
863 136 999137 999864
864 135 999136 999865
865 134 999135 999866
866 133 999134 999867
867 132 999133 999868
868 131 999132 999869
869 130 999131 999870
870 129 999130 999871
871 128 999129 999872
872 127 999128 999873
873 126 999127 999874
874 125 999126 999875
875 124 999125 999876
876 123 999124 999877
877 122 999123 999878
878 121 999122 999879
879 120 999121 999880
880 119 999120 999881
881 118 999119 999882
882 117 999118 999883
883 116 999117 999884
884 115 999116 999885
885 114 999115 999886
886 113 999114 999887
887 112 999113 999888
888 111 999112 999889
889 110 999111 999890
890 109 999110 999891
891 108 999109 999892
892 107 999108 999893
893 106 999107 999894
894 105 999106 999895
895 104 999105 999896
896 103 999104 999897
897 102 999103 999898
898 101 999102 999899
899 100 999101 999900
900 99 999100 999901
901 98 999099 999902
902 97 999098 999903
903 96 999097 999904
904 95 999096 999905
905 94 999095 999906
906 93 999094 999907
907 92 999093 999908
908 91 999092 999909
909 90 999091 999910
910 89 999090 999911
911 88 999089 999912
912 87 999088 999913
913 86 999087 999914
914 85 999086 999915
915 84 999085 999916
916 83 999084 999917
917 82 999083 999918
918 81 999082 999919
919 80 999081 999920
920 79 999080 999921
921 78 999079 999922
922 77 999078 999923
923 76 999077 999924
924 75 999076 999925
925 74 999075 999926
926 73 999074 999927
927 72 999073 999928
928 71 999072 999929
929 70 999071 999930
930 69 999070 999931
931 68 999069 999932
932 67 999068 999933
933 66 999067 999934
934 65 999066 999935
935 64 999065 999936
936 63 999064 999937
937 62 999063 999938
938 61 999062 999939
939 60 999061 999940
940 59 999060 999941
941 58 999059 999942
942 57 999058 999943
943 56 999057 999944
944 55 999056 999945
945 54 999055 999946
946 53 999054 999947
947 52 999053 999948
948 51 999052 999949
949 50 999051 999950
950 49 999050 999951
951 48 999049 999952
952 47 999048 999953
953 46 999047 999954
954 45 999046 999955
955 44 999045 999956
956 43 999044 999957
957 42 999043 999958
958 41 999042 999959
959 40 999041 999960
960 39 999040 999961
961 38 999039 999962
962 37 999038 999963
963 36 999037 999964
964 35 999036 999965
965 34 999035 999966
966 33 999034 999967
967 32 999033 999968
968 31 999032 999969
969 30 999031 999970
970 29 999030 999971
971 28 999029 999972
972 27 999028 999973
973 26 999027 999974
974 25 999026 999975
975 24 999025 999976
976 23 999024 999977
977 22 999023 999978
978 21 999022 999979
979 20 999021 999980
980 19 999020 999981
981 18 999019 999982
982 17 999018 999983
983 16 999017 999984
984 15 999016 999985
985 14 999015 999986
986 13 999014 999987
987 12 999013 999988
988 11 999012 999989
989 10 999011 999990
990 9 999010 999991
991 8 999009 999992
992 7 999008 999993
993 6 999007 999994
994 5 999006 999995
995 4 999005 999996
996 3 999004 999997
997 2 999003 999998
998 1 999002 999999
999 0 999001 1000000
999 0 999001 1000000
