1000000 1000000
1000
0 0 10000 10000
1 1 10010 10010
2 2 10020 10020
3 3 10030 10030
4 4 10040 10040
5 5 10050 10050
6 6 10060 10060
7 7 10070 10070
8 8 10080 10080
9 9 10090 10090
10 10 10100 10100
11 11 10110 10110
12 12 10120 10120
13 13 10130 10130
14 14 10140 10140
15 15 10150 10150
16 16 10160 10160
17 17 10170 10170
18 18 10180 10180
19 19 10190 10190
20 20 10200 10200
21 21 10210 10210
22 22 10220 10220
23 23 10230 10230
24 24 10240 10240
25 25 10250 10250
26 26 10260 10260
27 27 10270 10270
28 28 10280 10280
29 29 10290 10290
30 30 10300 10300
31 31 10310 10310
32 32 10320 10320
33 33 10330 10330
34 34 10340 10340
35 35 10350 10350
36 36 10360 10360
37 37 10370 10370
38 38 10380 10380
39 39 10390 10390
40 40 10400 10400
41 41 10410 10410
42 42 10420 10420
43 43 10430 10430
44 44 10440 10440
45 45 10450 10450
46 46 10460 10460
47 47 10470 10470
48 48 10480 10480
49 49 10490 10490
50 50 10500 10500
51 51 10510 10510
52 52 10520 10520
53 53 10530 10530
54 54 10540 10540
55 55 10550 10550
56 56 10560 10560
57 57 10570 10570
58 58 10580 10580
59 59 10590 10590
60 60 10600 10600
61 61 10610 10610
62 62 10620 10620
63 63 10630 10630
64 64 10640 10640
65 65 10650 10650
66 66 10660 10660
67 67 10670 10670
68 68 10680 10680
69 69 10690 10690
70 70 10700 10700
71 71 10710 10710
72 72 10720 10720
73 73 10730 10730
74 74 10740 10740
75 75 10750 10750
76 76 10760 10760
77 77 10770 10770
78 78 10780 10780
79 79 10790 10790
80 80 10800 10800
81 81 10810 10810
82 82 10820 10820
83 83 10830 10830
84 84 10840 10840
85 85 10850 10850
86 86 10860 10860
87 87 10870 10870
88 88 10880 10880
89 89 10890 10890
90 90 10900 10900
91 91 10910 10910
92 92 10920 10920
93 93 10930 10930
94 94 10940 10940
95 95 10950 10950
96 96 10960 10960
97 97 10970 10970
98 98 10980 10980
99 99 10990 10990
100 100 11000 11000
101 101 11010 11010
102 102 11020 11020
103 103 11030 11030
104 104 11040 11040
105 105 11050 11050
106 106 11060 11060
107 107 11070 11070
108 108 11080 11080
109 109 11090 11090
110 110 11100 11100
111 111 11110 11110
112 112 11120 11120
113 113 11130 11130
114 114 11140 11140
115 115 11150 11150
116 116 11160 11160
117 117 11170 11170
118 118 11180 11180
119 119 11190 11190
120 120 11200 11200
121 121 11210 11210
122 122 11220 11220
123 123 11230 11230
124 124 11240 11240
125 125 11250 11250
126 126 11260 11260
127 127 11270 11270
128 128 11280 11280
129 129 11290 11290
130 130 11300 11300
131 131 11310 11310
132 132 11320 11320
133 133 11330 11330
134 134 11340 11340
135 135 11350 11350
136 136 11360 11360
137 137 11370 11370
138 138 11380 11380
139 139 11390 11390
140 140 11400 11400
141 141 11410 11410
142 142 11420 11420
143 143 11430 11430
144 144 11440 11440
145 145 11450 11450
146 146 11460 11460
147 147 11470 11470
148 148 11480 11480
149 149 11490 11490
150 150 11500 11500
151 151 11510 11510
152 152 11520 11520
153 153 11530 11530
154 154 11540 11540
155 155 11550 11550
156 156 11560 11560
157 157 11570 11570
158 158 11580 11580
159 159 11590 11590
160 160 11600 11600
161 161 11610 11610
162 162 11620 11620
163 163 11630 11630
164 164 11640 11640
165 165 11650 11650
166 166 11660 11660
167 167 11670 11670
168 168 11680 11680
169 169 11690 11690
170 170 11700 11700
171 171 11710 11710
172 172 11720 11720
173 173 11730 11730
174 174 11740 11740
175 175 11750 11750
176 176 11760 11760
177 177 11770 11770
178 178 11780 11780
179 179 11790 11790
180 180 11800 11800
181 181 11810 11810
182 182 11820 11820
183 183 11830 11830
184 184 11840 11840
185 185 11850 11850
186 186 11860 11860
187 187 11870 11870
188 188 11880 11880
189 189 11890 11890
190 190 11900 11900
191 191 11910 11910
192 192 11920 11920
193 193 11930 11930
194 194 11940 11940
195 195 11950 11950
196 196 11960 11960
197 197 11970 11970
198 198 11980 11980
199 199 11990 11990
200 200 12000 12000
201 201 12010 12010
202 202 12020 12020
203 203 12030 12030
204 204 12040 12040
205 205 12050 12050
206 206 12060 12060
207 207 12070 12070
208 208 12080 12080
209 209 12090 12090
210 210 12100 12100
211 211 12110 12110
212 212 12120 12120
213 213 12130 12130
214 214 12140 12140
215 215 12150 12150
216 216 12160 12160
217 217 12170 12170
218 218 12180 12180
219 219 12190 12190
220 220 12200 12200
221 221 12210 12210
222 222 12220 12220
223 223 12230 12230
224 224 12240 12240
225 225 12250 12250
226 226 12260 12260
227 227 12270 12270
228 228 12280 12280
229 229 12290 12290
230 230 12300 12300
231 231 12310 12310
232 232 12320 12320
233 233 12330 12330
234 234 12340 12340
235 235 12350 12350
236 236 12360 12360
237 237 12370 12370
238 238 12380 12380
239 239 12390 12390
240 240 12400 12400
241 241 12410 12410
242 242 12420 12420
243 243 12430 12430
244 244 12440 12440
245 245 12450 12450
246 246 12460 12460
247 247 12470 12470
248 248 12480 12480
249 249 12490 12490
250 250 12500 12500
251 251 12510 12510
252 252 12520 12520
253 253 12530 12530
254 254 12540 12540
255 255 12550 12550
256 256 12560 12560
257 257 12570 12570
258 258 12580 12580
259 259 12590 12590
260 260 12600 12600
261 261 12610 12610
262 262 12620 12620
263 263 12630 12630
264 264 12640 12640
265 265 12650 12650
266 266 12660 12660
267 267 12670 12670
268 268 12680 12680
269 269 12690 12690
270 270 12700 12700
271 271 12710 12710
272 272 12720 12720
273 273 12730 12730
274 274 12740 12740
275 275 12750 12750
276 276 12760 12760
277 277 12770 12770
278 278 12780 12780
279 279 12790 12790
280 280 12800 12800
281 281 12810 12810
282 282 12820 12820
283 283 12830 12830
284 284 12840 12840
285 285 12850 12850
286 286 12860 12860
287 287 12870 12870
288 288 12880 12880
289 289 12890 12890
290 290 12900 12900
291 291 12910 12910
292 292 12920 12920
293 293 12930 12930
294 294 12940 12940
295 295 12950 12950
296 296 12960 12960
297 297 12970 12970
298 298 12980 12980
299 299 12990 12990
300 300 13000 13000
301 301 13010 13010
302 302 13020 13020
303 303 13030 13030
304 304 13040 13040
305 305 13050 13050
306 306 13060 13060
307 307 13070 13070
308 308 13080 13080
309 309 13090 13090
310 310 13100 13100
311 311 13110 13110
312 312 13120 13120
313 313 13130 13130
314 314 13140 13140
315 315 13150 13150
316 316 13160 13160
317 317 13170 13170
318 318 13180 13180
319 319 13190 13190
320 320 13200 13200
321 321 13210 13210
322 322 13220 13220
323 323 13230 13230
324 324 13240 13240
325 325 13250 13250
326 326 13260 13260
327 327 13270 13270
328 328 13280 13280
329 329 13290 13290
330 330 13300 13300
331 331 13310 13310
332 332 13320 13320
333 333 13330 13330
334 334 13340 13340
335 335 13350 13350
336 336 13360 13360
337 337 13370 13370
338 338 13380 13380
339 339 13390 13390
340 340 13400 13400
341 341 13410 13410
342 342 13420 13420
343 343 13430 13430
344 344 13440 13440
345 345 13450 13450
346 346 13460 13460
347 347 13470 13470
348 348 13480 13480
349 349 13490 13490
350 350 13500 13500
351 351 13510 13510
352 352 13520 13520
353 353 13530 13530
354 354 13540 13540
355 355 13550 13550
356 356 13560 13560
357 357 13570 13570
358 358 13580 13580
359 359 13590 13590
360 360 13600 13600
361 361 13610 13610
362 362 13620 13620
363 363 13630 13630
364 364 13640 13640
365 365 13650 13650
366 366 13660 13660
367 367 13670 13670
368 368 13680 13680
369 369 13690 13690
370 370 13700 13700
371 371 13710 13710
372 372 13720 13720
373 373 13730 13730
374 374 13740 13740
375 375 13750 13750
376 376 13760 13760
377 377 13770 13770
378 378 13780 13780
379 379 13790 13790
380 380 13800 13800
381 381 13810 13810
382 382 13820 13820
383 383 13830 13830
384 384 13840 13840
385 385 13850 13850
386 386 13860 13860
387 387 13870 13870
388 388 13880 13880
389 389 13890 13890
390 390 13900 13900
391 391 13910 13910
392 392 13920 13920
393 393 13930 13930
394 394 13940 13940
395 395 13950 13950
396 396 13960 13960
397 397 13970 13970
398 398 13980 13980
399 399 13990 13990
400 400 14000 14000
401 401 14010 14010
402 402 14020 14020
403 403 14030 14030
404 404 14040 14040
405 405 14050 14050
406 406 14060 14060
407 407 14070 14070
408 408 14080 14080
409 409 14090 14090
410 410 14100 14100
411 411 14110 14110
412 412 14120 14120
413 413 14130 14130
414 414 14140 14140
415 415 14150 14150
416 416 14160 14160
417 417 14170 14170
418 418 14180 14180
419 419 14190 14190
420 420 14200 14200
421 421 14210 14210
422 422 14220 14220
423 423 14230 14230
424 424 14240 14240
425 425 14250 14250
426 426 14260 14260
427 427 14270 14270
428 428 14280 14280
429 429 14290 14290
430 430 14300 14300
431 431 14310 14310
432 432 14320 14320
433 433 14330 14330
434 434 14340 14340
435 435 14350 14350
436 436 14360 14360
437 437 14370 14370
438 438 14380 14380
439 439 14390 14390
440 440 14400 14400
441 441 14410 14410
442 442 14420 14420
443 443 14430 14430
444 444 14440 14440
445 445 14450 14450
446 446 14460 14460
447 447 14470 14470
448 448 14480 14480
449 449 14490 14490
450 450 14500 14500
451 451 14510 14510
452 452 14520 14520
453 453 14530 14530
454 454 14540 14540
455 455 14550 14550
456 456 14560 14560
457 457 14570 14570
458 458 14580 14580
459 459 14590 14590
460 460 14600 14600
461 461 14610 14610
462 462 14620 14620
463 463 14630 14630
464 464 14640 14640
465 465 14650 14650
466 466 14660 14660
467 467 14670 14670
468 468 14680 14680
469 469 14690 14690
470 470 14700 14700
471 471 14710 14710
472 472 14720 14720
473 473 14730 14730
474 474 14740 14740
475 475 14750 14750
476 476 14760 14760
477 477 14770 14770
478 478 14780 14780
479 479 14790 14790
480 480 14800 14800
481 481 14810 14810
482 482 14820 14820
483 483 14830 14830
484 484 14840 14840
485 485 14850 14850
486 486 14860 14860
487 487 14870 14870
488 488 14880 14880
489 489 14890 14890
490 490 14900 14900
491 491 14910 14910
492 492 14920 14920
493 493 14930 14930
494 494 14940 14940
495 495 14950 14950
496 496 14960 14960
497 497 14970 14970
498 498 14980 14980
499 499 14990 14990
500 500 15000 15000
501 501 15010 15010
502 502 15020 15020
503 503 15030 15030
504 504 15040 15040
505 505 15050 15050
506 506 15060 15060
507 507 15070 15070
508 508 15080 15080
509 509 15090 15090
510 510 15100 15100
511 511 15110 15110
512 512 15120 15120
513 513 15130 15130
514 514 15140 15140
515 515 15150 15150
516 516 15160 15160
517 517 15170 15170
518 518 15180 15180
519 519 15190 15190
520 520 15200 15200
521 521 15210 15210
522 522 15220 15220
523 523 15230 15230
524 524 15240 15240
525 525 15250 15250
526 526 15260 15260
527 527 15270 15270
528 528 15280 15280
529 529 15290 15290
530 530 15300 15300
531 531 15310 15310
532 532 15320 15320
533 533 15330 15330
534 534 15340 15340
535 535 15350 15350
536 536 15360 15360
537 537 15370 15370
538 538 15380 15380
539 539 15390 15390
540 540 15400 15400
541 541 15410 15410
542 542 15420 15420
543 543 15430 15430
544 544 15440 15440
545 545 15450 15450
546 546 15460 15460
547 547 15470 15470
548 548 15480 15480
549 549 15490 15490
550 550 15500 15500
551 551 15510 15510
552 552 15520 15520
553 553 15530 15530
554 554 15540 15540
555 555 15550 15550
556 556 15560 15560
557 557 15570 15570
558 558 15580 15580
559 559 15590 15590
560 560 15600 15600
561 561 15610 15610
562 562 15620 15620
563 563 15630 15630
564 564 15640 15640
565 565 15650 15650
566 566 15660 15660
567 567 15670 15670
568 568 15680 15680
569 569 15690 15690
570 570 15700 15700
571 571 15710 15710
572 572 15720 15720
573 573 15730 15730
574 574 15740 15740
575 575 15750 15750
576 576 15760 15760
577 577 15770 15770
578 578 15780 15780
579 579 15790 15790
580 580 15800 15800
581 581 15810 15810
582 582 15820 15820
583 583 15830 15830
584 584 15840 15840
585 585 15850 15850
586 586 15860 15860
587 587 15870 15870
588 588 15880 15880
589 589 15890 15890
590 590 15900 15900
591 591 15910 15910
592 592 15920 15920
593 593 15930 15930
594 594 15940 15940
595 595 15950 15950
596 596 15960 15960
597 597 15970 15970
598 598 15980 15980
599 599 15990 15990
600 600 16000 16000
601 601 16010 16010
602 602 16020 16020
603 603 16030 16030
604 604 16040 16040
605 605 16050 16050
606 606 16060 16060
607 607 16070 16070
608 608 16080 16080
609 609 16090 16090
610 610 16100 16100
611 611 16110 16110
612 612 16120 16120
613 613 16130 16130
614 614 16140 16140
615 615 16150 16150
616 616 16160 16160
617 617 16170 16170
618 618 16180 16180
619 619 16190 16190
620 620 16200 16200
621 621 16210 16210
622 622 16220 16220
623 623 16230 16230
624 624 16240 16240
625 625 16250 16250
626 626 16260 16260
627 627 16270 16270
628 628 16280 16280
629 629 16290 16290
630 630 16300 16300
631 631 16310 16310
632 632 16320 16320
633 633 16330 16330
634 634 16340 16340
635 635 16350 16350
636 636 16360 16360
637 637 16370 16370
638 638 16380 16380
639 639 16390 16390
640 640 16400 16400
641 641 16410 16410
642 642 16420 16420
643 643 16430 16430
644 644 16440 16440
645 645 16450 16450
646 646 16460 16460
647 647 16470 16470
648 648 16480 16480
649 649 16490 16490
650 650 16500 16500
651 651 16510 16510
652 652 16520 16520
653 653 16530 16530
654 654 16540 16540
655 655 16550 16550
656 656 16560 16560
657 657 16570 16570
658 658 16580 16580
659 659 16590 16590
660 660 16600 16600
661 661 16610 16610
662 662 16620 16620
663 663 16630 16630
664 664 16640 16640
665 665 16650 16650
666 666 16660 16660
667 667 16670 16670
668 668 16680 16680
669 669 16690 16690
670 670 16700 16700
671 671 16710 16710
672 672 16720 16720
673 673 16730 16730
674 674 16740 16740
675 675 16750 16750
676 676 16760 16760
677 677 16770 16770
678 678 16780 16780
679 679 16790 16790
680 680 16800 16800
681 681 16810 16810
682 682 16820 16820
683 683 16830 16830
684 684 16840 16840
685 685 16850 16850
686 686 16860 16860
687 687 16870 16870
688 688 16880 16880
689 689 16890 16890
690 690 16900 16900
691 691 16910 16910
692 692 16920 16920
693 693 16930 16930
694 694 16940 16940
695 695 16950 16950
696 696 16960 16960
697 697 16970 16970
698 698 16980 16980
699 699 16990 16990
700 700 17000 17000
701 701 17010 17010
702 702 17020 17020
703 703 17030 17030
704 704 17040 17040
705 705 17050 17050
706 706 17060 17060
707 707 17070 17070
708 708 17080 17080
709 709 17090 17090
710 710 17100 17100
711 711 17110 17110
712 712 17120 17120
713 713 17130 17130
714 714 17140 17140
715 715 17150 17150
716 716 17160 17160
717 717 17170 17170
718 718 17180 17180
719 719 17190 17190
720 720 17200 17200
721 721 17210 17210
722 722 17220 17220
723 723 17230 17230
724 724 17240 17240
725 725 17250 17250
726 726 17260 17260
727 727 17270 17270
728 728 17280 17280
729 729 17290 17290
730 730 17300 17300
731 731 17310 17310
732 732 17320 17320
733 733 17330 17330
734 734 17340 17340
735 735 17350 17350
736 736 17360 17360
737 737 17370 17370
738 738 17380 17380
739 739 17390 17390
740 740 17400 17400
741 741 17410 17410
742 742 17420 17420
743 743 17430 17430
744 744 17440 17440
745 745 17450 17450
746 746 17460 17460
747 747 17470 17470
748 748 17480 17480
749 749 17490 17490
750 750 17500 17500
751 751 17510 17510
752 752 17520 17520
753 753 17530 17530
754 754 17540 17540
755 755 17550 17550
756 756 17560 17560
757 757 17570 17570
758 758 17580 17580
759 759 17590 17590
760 760 17600 17600
761 761 17610 17610
762 762 17620 17620
763 763 17630 17630
764 764 17640 17640
765 765 17650 17650
766 766 17660 17660
767 767 17670 17670
768 768 17680 17680
769 769 17690 17690
770 770 17700 17700
771 771 17710 17710
772 772 17720 17720
773 773 17730 17730
774 774 17740 17740
775 775 17750 17750
776 776 17760 17760
777 777 17770 17770
778 778 17780 17780
779 779 17790 17790
780 780 17800 17800
781 781 17810 17810
782 782 17820 17820
783 783 17830 17830
784 784 17840 17840
785 785 17850 17850
786 786 17860 17860
787 787 17870 17870
788 788 17880 17880
789 789 17890 17890
790 790 17900 17900
791 791 17910 17910
792 792 17920 17920
793 793 17930 17930
794 794 17940 17940
795 795 17950 17950
796 796 17960 17960
797 797 17970 17970
798 798 17980 17980
799 799 17990 17990
800 800 18000 18000
801 801 18010 18010
802 802 18020 18020
803 803 18030 18030
804 804 18040 18040
805 805 18050 18050
806 806 18060 18060
807 807 18070 18070
808 808 18080 18080
809 809 18090 18090
810 810 18100 18100
811 811 18110 18110
812 812 18120 18120
813 813 18130 18130
814 814 18140 18140
815 815 18150 18150
816 816 18160 18160
817 817 18170 18170
818 818 18180 18180
819 819 18190 18190
820 820 18200 18200
821 821 18210 18210
822 822 18220 18220
823 823 18230 18230
824 824 18240 18240
825 825 18250 18250
826 826 18260 18260
827 827 18270 18270
828 828 18280 18280
829 829 18290 18290
830 830 18300 18300
831 831 18310 18310
832 832 18320 18320
833 833 18330 18330
834 834 18340 18340
835 835 18350 18350
836 836 18360 18360
837 837 18370 18370
838 838 18380 18380
839 839 18390 18390
840 840 18400 18400
841 841 18410 18410
842 842 18420 18420
843 843 18430 18430
844 844 18440 18440
845 845 18450 18450
846 846 18460 18460
847 847 18470 18470
848 848 18480 18480
849 849 18490 18490
850 850 18500 18500
851 851 18510 18510
852 852 18520 18520
853 853 18530 18530
854 854 18540 18540
855 855 18550 18550
856 856 18560 18560
857 857 18570 18570
858 858 18580 18580
859 859 18590 18590
860 860 18600 18600
861 861 18610 18610
862 862 18620 18620
863 863 18630 18630
864 864 18640 18640
865 865 18650 18650
866 866 18660 18660
867 867 18670 18670
868 868 18680 18680
869 869 18690 18690
870 870 18700 18700
871 871 18710 18710
872 872 18720 18720
873 873 18730 18730
874 874 18740 18740
875 875 18750 18750
876 876 18760 18760
877 877 18770 18770
878 878 18780 18780
879 879 18790 18790
880 880 18800 18800
881 881 18810 18810
882 882 18820 18820
883 883 18830 18830
884 884 18840 18840
885 885 18850 18850
886 886 18860 18860
887 887 18870 18870
888 888 18880 18880
889 889 18890 18890
890 890 18900 18900
891 891 18910 18910
892 892 18920 18920
893 893 18930 18930
894 894 18940 18940
895 895 18950 18950
896 896 18960 18960
897 897 18970 18970
898 898 18980 18980
899 899 18990 18990
900 900 19000 19000
901 901 19010 19010
902 902 19020 19020
903 903 19030 19030
904 904 19040 19040
905 905 19050 19050
906 906 19060 19060
907 907 19070 19070
908 908 19080 19080
909 909 19090 19090
910 910 19100 19100
911 911 19110 19110
912 912 19120 19120
913 913 19130 19130
914 914 19140 19140
915 915 19150 19150
916 916 19160 19160
917 917 19170 19170
918 918 19180 19180
919 919 19190 19190
920 920 19200 19200
921 921 19210 19210
922 922 19220 19220
923 923 19230 19230
924 924 19240 19240
925 925 19250 19250
926 926 19260 19260
927 927 19270 19270
928 928 19280 19280
929 929 19290 19290
930 930 19300 19300
931 931 19310 19310
932 932 19320 19320
933 933 19330 19330
934 934 19340 19340
935 935 19350 19350
936 936 19360 19360
937 937 19370 19370
938 938 19380 19380
939 939 19390 19390
940 940 19400 19400
941 941 19410 19410
942 942 19420 19420
943 943 19430 19430
944 944 19440 19440
945 945 19450 19450
946 946 19460 19460
947 947 19470 19470
948 948 19480 19480
949 949 19490 19490
950 950 19500 19500
951 951 19510 19510
952 952 19520 19520
953 953 19530 19530
954 954 19540 19540
955 955 19550 19550
956 956 19560 19560
957 957 19570 19570
958 958 19580 19580
959 959 19590 19590
960 960 19600 19600
961 961 19610 19610
962 962 19620 19620
963 963 19630 19630
964 964 19640 19640
965 965 19650 19650
966 966 19660 19660
967 967 19670 19670
968 968 19680 19680
969 969 19690 19690
970 970 19700 19700
971 971 19710 19710
972 972 19720 19720
973 973 19730 19730
974 974 19740 19740
975 975 19750 19750
976 976 19760 19760
977 977 19770 19770
978 978 19780 19780
979 979 19790 19790
980 980 19800 19800
981 981 19810 19810
982 982 19820 19820
983 983 19830 19830
984 984 19840 19840
985 985 19850 19850
986 986 19860 19860
987 987 19870 19870
988 988 19880 19880
989 989 19890 19890
990 990 19900 19900
991 991 19910 19910
992 992 19920 19920
993 993 19930 19930
994 994 19940 19940
995 995 19950 19950
996 996 19960 19960
997 997 19970 19970
998 998 19980 19980
10000 10000 1000000 1000000
