1000000 1000000
1000
124524 214277 125217 215126
645913 36044 646190 737753
671146 582534 671869 583421
698222 188522 698978 188831
930997 179372 931106 180328
98004 955874 99000 956821
676659 374514 677067 375283
304966 393876 760134 394216
11023 282910 11764 283170
497096 317684 497750 318612
129987 218144 509968 218701
556636 277284 556683 278181
235085 157244 235776 158198
144081 812633 144355 813625
347271 421426 348138 422196
64398 750133 65000 750370
324608 416988 325405 417481
497947 828720 498448 829367
412432 618137 529316 618560
908850 345788 908920 655614
407745 643109 653819 643822
284587 390412 285104 391187
247340 928540 247759 929236
547510 959113 548128 959555
973817 406257 973912 406868
965717 534272 966072 534583
845499 771672 846020 818820
731223 89539 732172 90261
580821 481259 581755 795362
83658 145604 84595 145835
404169 905552 404725 906224
62097 947015 62862 947854
759709 873263 759815 873977
320436 512505 321049 513015
847354 183842 847475 184574
824771 746578 825497 746604
828620 46755 829122 47489
76535 920039 77374 921028
296611 606523 296682 606677
488640 848268 489632 849051
763218 781975 763401 782378
561134 125609 561668 126457
992946 869155 993185 869798
21444 203116 22064 203647
653339 195549 654132 195652
133141 495233 589233 495954
306827 542501 307447 542629
965775 24042 965923 24135
312567 693767 312948 694080
330196 96 621128 784
862937 991486 892941 991631
277964 673369 278855 673396
885747 97184 886540 97271
956703 488096 957686 488496
657848 432570 658312 432717
795568 382698 796334 478660
150673 294750 151114 295724
250041 737503 250843 738403
634134 398533 635115 666251
127769 238004 127917 238660
806590 970674 806621 971478
962515 746885 963294 747584
544359 300607 545079 301152
319437 921897 319574 922427
802232 387862 802806 388733
588393 514851 588641 515553
108468 413311 108541 413397
542055 301612 543017 302330
139404 40320 282647 41177
781388 253586 781652 254438
891952 91940 892508 92270
11779 744039 12689 927105
136832 17503 137574 17623
349492 941826 349787 942817
324696 392393 325106 392796
163361 754729 163485 755173
145439 273426 273740 274120
929246 49691 929847 50555
277253 272715 277678 273627
696859 246481 697509 247443
398101 709685 399091 709761
324190 787466 324832 788126
961139 975766 961425 976012
489335 446682 489795 447344
419358 299695 419701 299932
202369 796682 202720 797326
330982 485816 331936 486335
798499 174768 798884 175380
301634 146623 301956 147522
28522 790957 29003 791182
814591 387665 910953 387871
94862 51390 95605 52278
273658 637210 273733 637545
308678 824225 309389 836258
306329 15799 306432 16039
424974 161740 424987 162122
771524 575027 771527 575246
849508 185149 850079 386202
246479 775697 247435 776395
594743 535916 594755 536260
920739 552575 920943 553032
513817 728212 514209 728451
742598 753656 743011 867273
568259 206502 568283 207313
36914 16402 37736 17187
524957 660421 823323 661293
810815 589357 811324 590086
866778 379257 866819 379944
363925 493093 364255 524534
595771 211651 596762 211777
523230 476794 524007 477131
647855 672239 647990 714983
152147 208087 152481 209072
251495 600693 251867 601591
684580 948465 684742 949270
634571 72546 635470 72826
603391 286880 603666 286967
773695 982587 774371 988459
54343 363482 54452 439547
543111 62641 543271 606174
483083 445990 483979 446534
420308 989744 420709 989866
192916 474753 193339 475477
350517 589692 351323 589984
396907 875346 397041 875406
530635 192765 531004 193301
72326 573758 72537 574003
76173 594853 76620 595374
228627 527545 229369 528380
311160 113546 311926 114257
711408 83719 711701 84622
68757 116944 68764 117235
447837 88534 447918 89396
643167 287141 644018 302728
940681 389915 941090 390230
827926 249941 828747 249998
979701 729538 980642 730362
635873 863911 636427 864120
11964 223305 12206 223408
793000 348207 793264 348650
363242 328894 540722 328925
322078 198389 322858 199106
870839 489978 871167 490235
765948 51173 766905 902534
28827 827463 29529 828002
635048 271890 917880 271997
489671 102352 490006 103200
878949 134729 879863 135619
410304 608188 410931 608537
665710 394391 665764 394677
841312 251758 841724 252059
12808 205331 13476 205601
757052 604547 757916 604862
571488 590021 572340 590115
606753 945487 607465 945885
582159 702552 582883 702641
749078 430400 984097 431132
912599 998050 913268 998471
950204 478446 950368 479438
217767 238373 217891 239274
71224 203189 71281 203662
254927 604089 255483 604307
337170 979832 337183 980027
545713 475996 546312 476336
467413 613969 467771 614120
513657 308433 524213 308593
849943 872592 850020 943709
309074 491215 309140 491981
587939 325194 588169 325745
794869 303705 795009 303814
432012 274004 432698 274562
527347 432059 547363 432472
196695 470514 197508 887934
642123 424925 853730 425884
402928 468908 403879 469524
554659 961613 554998 961878
569511 300383 570334 300526
484726 314457 484771 314915
601499 622435 829752 623215
459705 189991 460060 190567
783582 830925 784253 831480
173168 628141 173651 628421
210925 163755 211763 164539
219187 656122 219354 656879
588380 784584 588543 820994
3431 644658 4386 645540
973749 25863 973915 26330
359791 761883 359965 762823
150239 882001 150656 882323
58801 203152 59252 203776
751134 112701 751495 113470
243201 703676 243888 703945
342682 832571 343474 869384
619896 942368 862945 942461
549687 991855 550137 992826
66874 23439 67275 23859
62587 321482 63382 321737
703830 994104 704561 995057
928039 682424 928086 822450
452908 264443 453721 264865
730210 885547 730707 886151
690414 528995 690804 529624
981277 886719 982230 886999
916723 389962 959819 390251
30362 772450 31266 772914
466726 196525 466806 196552
217890 945589 218125 945812
156614 90361 157025 131046
940909 996558 940945 997298
912291 19938 912295 20300
273142 828123 273547 828941
206028 273746 206918 274583
747291 157783 747832 158690
586778 428706 587137 428820
480467 7841 481335 8624
435593 910797 436116 911237
320734 751310 321699 751668
755951 468283 776350 468356
771955 848335 772337 848346
911839 365151 912797 365314
380082 721384 380708 721445
46487 438004 997108 438462
520216 643552 520499 644403
446945 548410 447599 549320
186037 984255 187005 985024
38127 833434 38474 833644
736608 751526 736813 751913
5951 688241 6113 688295
805764 49629 806025 49664
270147 759943 270245 760250
521866 14573 521901 15189
122172 363237 620358 363808
726869 305552 727208 305649
275940 271815 276922 895898
113894 190954 114638 191025
19216 428914 20094 503248
765626 370023 766103 370385
229854 306424 230091 306558
307330 528922 308005 529685
958098 905670 958317 906569
634252 537432 634429 537500
179048 281754 179854 281761
31515 57561 32134 536595
538888 748205 539376 748426
296524 757977 296674 758016
764241 387385 764397 388338
90595 437078 90762 777209
315894 387587 316150 388287
179378 539068 179887 539900
504579 859419 504866 859488
560117 795063 560686 795257
666546 413223 666838 414006
129472 117516 620204 117710
704681 715182 705342 715559
785126 408636 785676 409145
335546 664533 335703 665163
269892 636755 270147 637224
413424 57171 413716 57240
328734 561538 329605 561793
987493 538234 988475 900319
115491 712581 115787 712783
922846 686883 923717 687061
892157 99886 922837 100618
538915 703582 539660 704373
639869 80921 774893 80961
689361 273404 689409 273682
965393 218278 965841 219104
359391 72828 360377 72997
561206 307892 562130 308608
252250 604869 253066 605845
100079 677649 100268 678269
610903 37478 611072 38290
842730 730351 842799 730665
129969 523158 130301 523964
854740 595439 854757 595790
913932 9354 914431 9621
24278 283462 729413 284225
202384 5117 202466 5964
421455 759254 422043 914390
614303 863171 615029 863712
290344 716291 291113 717027
558811 109349 558945 109933
15232 890319 16010 890892
958513 605674 959401 606508
318806 477378 318872 478062
549912 635680 550139 635751
870208 430739 870400 431676
627318 716949 627639 717819
655246 973133 732144 973897
799926 942923 800246 943066
786216 167414 786865 241702
742510 936146 743094 936951
64564 67831 65014 68461
625657 843568 626027 844337
111999 956826 112552 957486
904060 159637 904485 159953
994944 993014 995184 993020
72936 609139 630392 609934
48760 211663 49526 211794
613937 246635 614591 459083
569389 784966 570292 785769
806699 34004 981344 938462
320232 962010 320518 962378
673956 76268 674571 76582
282669 901048 283160 901943
247855 632502 247964 632996
264142 900346 265141 901090
925994 372845 926199 373126
5556 564784 5662 565471
788870 293994 789480 524348
896140 79356 951499 79543
784703 389130 784727 389852
943798 685613 944616 686256
986855 742306 987729 743218
143749 354186 144425 354340
718 762698 1152 763674
337356 232481 338346 232636
655742 611747 656437 611854
420750 647978 421616 648335
911434 104072 974300 891268
809428 483464 809950 483664
571388 497301 907395 497368
273953 314518 523971 315190
152250 718350 152710 719336
658683 60821 659513 971661
155587 692173 155946 692524
153873 771506 399938 772173
15919 906760 16893 907658
847778 667902 847852 668228
451299 177276 451629 177514
78003 528135 78199 528527
413385 123690 413925 124047
189690 375527 190156 410663
323802 108959 324202 453934
39322 583652 39786 584047
921445 33631 931665 33706
128101 645997 128320 646731
615259 496941 615992 497780
127435 355158 128205 355782
179070 699855 179360 700129
242808 629610 243559 629778
289812 111129 290576 112002
196772 267860 197747 268110
418105 750149 418210 751109
69431 679174 69820 679426
342779 614118 342927 614483
284364 52465 284395 53166
529310 890219 529529 891172
897589 723693 897644 724693
519186 596988 519325 597534
199210 313684 199516 313878
140359 990541 140442 991176
24097 732679 24746 733393
561650 715070 562432 716024
398831 612928 399598 613791
479521 5783 480369 6541
947615 801268 947852 891792
430562 713307 430608 713728
798182 704090 798642 704338
550875 905468 551527 905684
947525 972040 947699 989958
372629 792896 372947 793241
782518 426300 783358 426605
694157 453459 694957 454351
55776 677526 56101 678170
378627 250798 379471 250810
236989 607061 237820 607750
694679 57733 695443 58299
447393 437255 448343 437727
730432 780587 731327 781440
894555 448494 894565 448857
98245 327650 99168 327979
648051 30952 648373 31198
368042 867844 368959 868170
339986 19451 340754 19995
594970 573130 595168 573979
588058 645859 588846 646246
613283 654387 613639 654406
25805 813258 26348 813662
582374 861200 583299 861436
660370 173411 784886 174209
748008 834671 748456 835313
479782 925145 480719 925999
165390 449537 165999 449657
861302 824686 861820 825514
517680 446301 518604 447249
413248 726942 413731 727188
85302 70444 86230 71361
465102 442724 465697 443274
270685 963204 271507 964042
956689 579278 957622 579516
121827 164950 122551 165550
505044 567631 505600 567836
479889 117590 480628 118163
836846 90068 836895 90784
8108 916243 8620 916586
726536 533757 726960 534459
878001 364932 878464 365800
717498 315398 717598 315509
744449 196537 745332 197276
179475 889435 179573 890358
158137 389353 158546 389817
130615 52715 131413 53554
572308 2779 572544 140781
777263 542626 777925 543097
186773 463898 187000 780932
257408 174118 257427 174882
110058 442938 110185 443297
926383 350052 926532 350982
614764 355021 615005 355399
919059 744786 919116 944925
824942 456468 825239 456526
347030 252854 347451 253092
59466 227214 59547 228186
323941 559850 324777 560544
224879 952491 225311 952950
976900 36866 977836 37811
451692 683382 452262 683620
650579 819900 651456 873136
826461 78997 826909 79110
61144 106634 61368 107422
815775 22961 816016 23520
401134 238572 401176 239557
811997 473617 812855 766546
804978 1044 805685 1352
586994 500734 956171 501280
359864 50047 360814 50300
863966 18598 864704 280614
14898 305244 15125 305715
404793 422553 585733 422986
453973 691854 454482 692348
431185 163289 431796 163422
45664 120129 45990 120362
629544 59873 629814 60281
646468 920418 647310 920435
457877 509208 458305 509688
623572 923035 624060 923315
304170 497088 304527 497958
786441 925524 786661 925830
565227 943266 566215 943842
979351 300574 979569 301555
856095 190714 857042 191696
334803 133922 335655 134437
681092 205291 681316 205562
935663 823963 935957 824374
57628 172747 57652 173571
479530 971216 479598 971917
307045 749939 307870 750901
590861 326159 591713 326901
131830 860430 132028 860992
449432 388622 711057 893652
334478 701632 334562 701786
78897 77715 79184 78239
353072 772032 365890 772763
761717 109756 762592 110756
411607 424469 412339 424740
377926 198324 378463 198651
72969 728825 73003 728904
546397 283616 547130 284531
321337 626422 321841 626884
306206 146679 306862 147059
900596 227021 900769 227588
191662 784010 192385 784741
185803 296704 186504 297421
27077 107761 27110 108008
251202 970171 252005 970346
915491 258262 916107 258520
891254 414119 966739 414786
421235 557259 421889 558146
914211 324915 915126 325884
779329 342421 779869 343134
231191 234493 232151 234952
453639 874205 454599 874579
713020 788456 713368 854501
164084 477414 164259 477876
166288 168678 166412 168831
615644 624114 615849 625090
163152 537044 163366 537764
743047 236016 744010 236383
187420 189887 187482 190681
665698 139506 666054 140236
834803 95146 835179 95927
620797 731087 621360 731829
708508 915218 709090 915838
703128 518874 703658 731524
93671 594492 415585 594617
429379 401615 429660 402022
730160 664974 731031 665621
28646 793313 29543 793508
914059 453636 915008 454199
957808 138408 957905 139296
805026 636523 805728 636868
264004 553313 993263 554289
860071 58657 860191 59580
189391 744523 189786 823948
704125 625665 704229 626424
917099 965644 917135 966354
385132 357271 641932 357474
562547 353401 562970 354278
1788 101552 2134 587804
119906 652545 120731 652667
709520 211010 709889 211886
957260 465214 957607 465730
502022 824819 502028 825475
611942 813260 612374 813866
219339 285923 219608 285958
101220 273862 102098 274035
600595 319574 601052 894271
925262 52430 925331 53026
720701 662099 721662 662250
381487 722365 381497 722539
555106 279298 959618 279369
889963 541411 890284 542377
519363 710636 519483 711463
121344 920728 121561 920921
784927 422640 785655 422804
556991 934263 557127 935197
665157 346104 665732 346743
51989 823715 52394 823797
804844 770873 805093 771059
846397 130023 847113 130152
370958 627034 934187 627782
97718 96546 329078 588763
549139 967080 549761 967337
713165 495321 713491 496100
586357 926053 587139 926090
750739 827943 751725 971910
143618 788675 144428 788722
456353 722845 456622 723519
566155 779541 566267 780232
509855 274952 510261 275660
813577 524304 814253 524523
107082 824551 107255 825194
854292 494795 855179 495138
878200 196914 878568 197889
897579 86650 897760 86742
177196 972073 177348 972851
645237 161712 645396 162036
130609 191952 131313 192842
224916 551763 225637 771448
560413 562237 560890 562735
879947 334655 880220 922112
387734 24443 388688 24680
918154 4755 918290 5303
822916 20067 823734 20500
432519 751625 756645 752543
928755 571622 929096 571876
653243 877784 653874 878689
831295 359877 971988 360335
408167 44646 408691 45461
506456 83901 507234 84376
932367 935587 933159 935756
78086 60317 78240 434376
93440 940569 94008 941503
18873 835306 19595 835895
942389 37006 942960 37313
760504 162137 760676 162867
400457 304252 401226 304534
886331 963463 887153 963529
402630 10360 403215 401683
592842 137476 593190 138294
831596 933894 892279 934645
710476 201342 710708 519946
8145 832033 9054 832463
131461 874518 131871 875032
334177 228551 334237 228704
958741 927852 959105 928817
654001 120247 654908 120517
343753 429852 343828 430453
546317 87223 546856 88153
562129 243169 562746 243974
328403 250679 329118 251480
288530 121693 288799 599742
159860 965964 160696 966543
724552 572093 985560 572423
850755 817297 851304 818152
19858 939620 19906 940096
186126 746543 186257 746960
327436 41833 328161 42129
704756 794553 704994 794987
443623 938171 444368 938712
50111 99907 904631 100534
214445 734454 214483 734928
596732 398113 596780 398487
390949 993084 391935 994013
988888 115987 989773 116263
601457 176428 602353 177250
385426 60803 385645 61762
643057 631876 643984 631974
28970 701874 29865 701989
772861 514965 773664 515674
702777 902609 703658 903048
711821 955910 712416 998556
614027 340193 614628 340506
331821 910387 332016 910699
198907 404563 685485 404594
622954 968641 623155 969033
834617 343631 835076 343747
824600 157003 825517 599829
95076 963739 95957 968108
293872 274840 294046 275562
623641 71431 624640 71695
379829 694819 379988 911799
383523 558488 383694 558900
233683 950590 234308 951143
849250 811719 849273 811727
414464 697442 414697 698373
624032 47825 624356 406892
847277 720146 848077 720529
146173 777066 146706 777635
181951 42454 182050 42736
526648 188883 527220 189580
103575 775394 104484 775611
65918 723355 66773 724146
452614 906661 453164 906720
732625 418628 732759 419424
245460 434110 246080 434559
160669 284058 161437 284917
543810 858935 544565 859079
49160 743853 49932 744736
647680 413010 839306 413786
291709 320281 292308 321141
987802 974886 988657 974921
578477 521175 578757 521623
814329 625276 815309 626206
61296 41665 61796 42307
439756 975935 554950 975997
806852 25313 906890 26025
40570 10219 388289 10480
179392 83510 180237 84240
670548 170752 671338 171371
904026 725874 904963 973711
670334 512795 671031 513606
590354 781099 590507 781527
390554 949010 390822 978112
835582 361144 836281 361358
550736 578054 550822 578533
779312 62047 779464 62547
389392 679581 714452 680170
362063 722188 362834 722220
929707 58985 930610 59557
648537 442197 919012 442597
697026 437173 729802 437536
614333 988401 614610 989190
315910 999068 316895 999769
796954 683248 797430 683264
6384 680915 7372 681446
661678 380371 692485 381220
502721 76652 502925 77107
950469 304716 950527 305551
939401 738707 940294 738776
87411 573970 87664 574211
216082 666687 217042 666810
188826 265179 189139 265808
984857 49890 987487 50587
314367 180443 314381 180896
736599 34709 737522 35495
591109 387149 591529 954744
489031 265188 489203 265935
698344 164420 699125 164422
407153 952781 407273 952948
546954 146767 547553 147629
445432 89865 445813 90056
779256 212187 779418 256892
399891 78419 399975 78755
840879 902114 936281 902476
202567 884358 490918 884906
654704 25281 655072 25684
110656 444071 110829 710927
965197 947895 965623 948474
223089 215278 224083 216240
815473 935550 815908 935939
773123 21426 773817 22404
325328 264554 325673 264639
254201 658367 254836 658741
206860 17404 207324 437430
963421 4915 964155 4977
754911 809430 755300 810085
886671 743856 887403 744024
46402 663276 46496 663970
705075 542903 705599 543004
497717 817314 498574 817460
881568 836315 882153 922191
150319 775032 150827 775357
452047 466017 452551 466437
785354 349306 785912 349738
682670 842421 682929 842814
12225 105734 13214 608770
895788 339459 896038 339877
331417 700929 331844 701643
181778 910544 182552 911068
569135 552916 693004 553343
138370 762074 138401 763051
259514 664930 260202 665079
498346 994419 498600 995413
681650 592329 681848 593146
459770 105384 460024 106250
414306 133022 414770 133880
853294 93376 872721 93435
350173 302694 350629 303133
291804 183173 460829 183443
490192 788884 490947 789533
561442 738290 562345 955237
787250 275556 824677 275595
382186 285412 382972 430522
897262 776731 897885 777453
967728 134595 968238 135138
123433 75962 123833 76792
686423 144097 944366 144436
501511 895289 502290 895557
730979 289551 833554 290262
359184 239042 359542 239071
523057 598914 523816 598965
436982 16075 437613 16802
611386 260094 611854 260353
424835 459877 425435 460846
711052 72946 711355 73026
366351 639012 367238 639030
968778 115153 969615 115394
260842 259651 261402 260186
865964 122581 866022 123569
277669 285291 278611 285599
176213 562866 176422 563593
183799 55004 184757 55519
389774 718662 390332 718685
30201 850507 30222 911503
827709 206959 828112 210669
598969 321437 930798 321601
986399 527647 986966 528316
469028 333063 469907 333773
759178 536419 759547 536448
911041 103745 994502 104473
225135 110752 225303 111711
847854 969871 848594 970582
705236 40186 705310 40788
846881 783808 847742 784670
158475 477059 158753 477954
623185 963511 623377 963813
511656 451637 511896 452397
535209 827990 535226 828509
118489 270500 119297 270627
108336 846270 108399 846756
539953 890318 540523 890670
567745 285685 568244 286471
830727 29999 942459 30280
219043 552047 219665 552583
703532 238140 703936 238322
160739 267823 161408 268646
244230 849656 245040 849905
437084 619763 437897 620443
640646 283836 640863 284569
839745 150564 840252 151503
380112 294709 380681 294791
450522 506271 451381 646340
793535 3693 794318 4359
199862 380100 200790 746542
842237 818122 843047 818989
16984 897910 17983 898560
731774 384544 732661 385174
133837 623391 791981 624235
349166 86711 349422 87054
605307 153244 606281 153542
529378 914766 530251 915026
939524 755595 939625 756294
505603 960909 505931 978252
15175 313840 15386 314429
146102 772988 885339 822771
98413 910565 98716 910964
472595 834699 472644 835313
452146 162204 452607 162378
1207 694007 1337 694237
352003 610094 352908 896500
471730 24727 471816 24848
190077 164121 190227 164304
522846 273442 841932 273943
244107 405900 245025 992583
252666 16679 252745 17522
227974 416926 235354 417552
537365 367329 537726 367387
158181 625413 158599 625644
674611 202861 674821 203594
52506 937704 52651 937865
259022 873686 259055 874076
671816 329829 672797 330674
422753 215992 422842 216224
675275 653958 675354 895408
855439 847274 856066 847396
183938 477301 184655 477750
588879 675802 909014 837251
417257 38357 417849 38676
440249 247172 922919 248067
987907 402005 988060 402827
89053 151120 89285 151743
767059 802679 767393 803001
519000 755649 519126 756431
454766 964230 455464 964706
423065 174233 423204 174696
460750 591950 936895 592476
813271 608931 813791 652779
711749 481578 712746 482270
782586 72005 945092 72202
798589 170791 799016 171464
376829 106797 377702 107393
530195 298984 530858 299501
734047 810004 799844 810587
487024 124294 487372 124592
168602 892172 169286 893134
894973 844253 895693 844395
372999 31490 373968 32278
239479 279082 549376 280056
409897 772208 747308 772682
980153 565769 980899 566088
880739 221129 982022 221134
604323 347032 604992 347717
543501 490311 544297 490821
418450 895642 418718 895987
308359 539564 308865 540423
51270 566601 51736 567490
535746 244509 536425 491843
496184 207657 497048 207762
451716 67562 451943 68254
68870 305375 69064 306000
395225 893195 395443 893439
686308 709792 686854 710129
770648 716774 771031 717566
848064 655675 848229 710484
768838 631695 769187 631830
736829 983886 736967 984744
278691 324155 279448 324598
679052 584000 679220 584024
372094 849043 372122 849959
465883 241159 466120 241407
756634 401328 756736 428870
913884 604383 982089 605100
15029 194248 15337 194677
711585 323474 956886 324046
410701 436517 411424 662650
131616 517762 132561 518468
814276 395422 814953 395891
538261 751644 539164 752145
519499 40621 520469 41558
776477 532880 776656 533854
5057 112592 6047 112670
594357 773096 595113 773248
162102 777191 162527 777545
450421 521119 450605 521829
139041 579604 139632 580541
554556 963514 554823 964186
312424 558752 313214 559136
420268 576155 420837 576207
101744 497515 101745 498239
502974 589669 503006 590010
28326 201934 28747 202522
136973 900339 137854 900644
400996 372763 401696 373312
155034 468100 155930 469056
427156 837000 427868 837677
317063 428292 831685 429275
670491 196253 670627 196628
733666 805052 734123 890190
89195 583699 89959 584262
58197 644967 58461 645582
560869 92820 561054 92853
553060 111224 554021 610149
539556 120450 861526 120510
246777 890855 247090 891021
200734 393298 200992 393384
455333 926712 456107 960282
568581 931626 569156 931765
173182 669216 173823 669329
748813 806776 749189 807328
687276 845667 687482 845716
429859 386970 430578 387173
398015 91327 398541 92116
588132 863428 854126 863547
434864 974270 435824 974614
828077 437272 828864 437576
630308 859528 630418 859846
76681 559175 77472 559318
770057 308710 975438 309557
937299 874605 937462 994029
96088 336687 96555 336918
470247 209691 518623 210284
625137 358593 625706 359409
791263 251211 791558 251633
809421 610094 809713 610878
528709 440125 528926 440950
832516 908102 833351 909006
156265 39840 156947 40621
769707 666285 770530 957675
827077 563923 827818 564270
458513 717987 459257 718563
549389 40243 550374 40785
682731 985985 683217 986823
154750 664378 155023 937014
468597 131288 469343 131713
188981 125434 189653 126147
668884 975411 669681 975784
490582 293129 491174 293984
113147 722857 113269 723840
371005 378781 371612 379012
161627 128979 161661 221475
702129 627382 702539 628239
332307 476551 332850 476791
65213 701518 65786 702456
817897 469297 818103 470260
906268 103564 906866 104447
87635 614258 88549 614517
227284 293810 228207 294061
318943 324664 319448 325142
43028 944908 43980 945320
726069 912 726679 1150
2002 579626 2699 579944
163467 615678 163676 616006
497933 48597 498320 49575
932157 579305 932770 580273
750697 845202 751016 845602
672563 535302 673102 535918
559216 636002 559360 636472
181287 641047 181512 641168
460735 814066 460752 814767
671856 996672 671941 997410
984018 671598 986703 672556
367856 220429 367963 220966
97792 211968 98137 212770
242087 518763 242438 519147
38500 127729 38915 127851
67198 991634 67381 991835
476745 363234 477585 897277
805902 635336 806551 636097
33910 866605 34543 867073
508807 891370 509011 891578
649496 492850 649600 493772
890837 533052 891423 533930
912197 714143 912645 714757
700887 344087 701387 855389
296110 396696 296590 397580
559115 602838 936212 603596
965897 59585 966873 59750
724316 406576 725272 406768
104838 206715 105836 207014
658682 907317 658897 907380
157125 749296 157322 896284
134278 304091 135059 304811
721754 32033 721999 122854
674931 410097 675767 410098
567549 381679 567579 382106
797002 817465 797891 818439
334240 915577 334453 915752
37769 386509 37786 387329
919351 987946 919527 988556
306876 598192 307159 599089
344413 900347 344439 900871
769121 746774 770000 747510
599969 293757 600126 293787
274768 590174 275329 590575
701618 251768 847060 252253
235416 690448 236115 691003
498285 451899 498430 452358
219589 311846 219612 312295
565458 583413 565830 584048
374914 373312 375770 373560
135115 541876 136025 542786
494299 567520 494556 568276
264576 505396 264861 505944
930067 926363 930950 927167
57412 728007 58339 728243
810302 180693 810782 181035
290572 32010 291224 32627
374321 476157 375225 876987
973876 560574 974815 769708
56634 445997 57081 446013
639047 751434 811140 752079
718745 229116 719053 229646
818415 966062 819266 966645
294956 576522 295560 576719
870317 395822 870675 396406
603821 792764 604612 793226
657667 881686 658074 881893
670215 579454 670673 580182
202158 704677 202913 705483
985583 949703 986286 950112
450879 956192 451690 957018
574443 173346 707918 174173
916098 763732 916225 764018
280677 126243 891870 127228
894209 818464 894769 818665
240098 609275 240506 609979
637555 904011 638319 904975
353796 106563 354100 221150
380726 873534 381534 874534
120760 482964 121118 482966
923628 886708 978726 887302
639708 524043 824861 524994
94350 516690 95090 517686
900377 370080 901202 370435
392237 810487 392787 811088
372275 147224 373241 147460
974689 926873 975076 927762
112312 423739 112792 423985
