150 60
9 251 745 289 38 380 298 398 665 456 133 459 465 699 635 704 890 881 756
10 272 190 329 528 401 846 411 363 581 35 783 867 859 240 940 637 959 956 976 668
9 75 474 253 509 307 888 524 180 560 969 579 351 728 545 731 512 762 855
9 226 558 233 892 374 409 608 810 690 88 739 978 851 82 959 485 989 260
10 17 756 43 784 183 213 202 719 260 525 280 353 294 550 534 470 734 881 796 814
9 44 774 205 595 398 764 453 533 496 137 545 889 684 568 706 592 716 900
10 32 54 94 667 138 162 223 21 360 266 435 212 485 987 535 707 702 799 997 524
7 105 751 188 76 312 550 567 406 721 1 803 878 843 801
9 154 881 178 562 216 723 248 94 249 176 443 166 468 324 832 961 863 857
9 39 124 79 752 297 1 363 424 525 988 576 667 609 250 824 196 989 151
6 46 391 437 24 480 666 554 763 630 864 789 672
8 144 795 218 203 292 783 462 900 472 564 688 572 723 502 882 122
9 10 234 35 992 39 418 93 898 277 16 582 826 781 300 813 477 985 574
7 113 468 208 742 272 961 484 759 504 892 524 60 592 556
10 106 778 161 365 171 530 185 909 459 265 473 384 528 130 534 261 589 876 846 24
10 33 151 59 160 93 546 313 549 460 419 492 688 856 529 869 316 927 351 986 862
10 188 382 227 808 229 795 385 410 464 575 524 635 538 873 605 619 635 539 981 706
9 47 546 81 528 222 684 397 385 467 940 594 254 758 952 907 431 924 249
10 220 222 301 327 310 997 340 616 348 447 400 836 590 817 655 276 700 981 811 302
10 357 82 463 749 663 282 664 434 722 458 759 800 812 477 845 228 935 236 938 950
6 109 311 114 218 323 361 486 708 818 798 841 370
6 159 963 195 645 285 710 775 600 800 566 890 308
10 6 900 12 643 54 662 81 892 128 426 227 871 294 735 407 571 656 785 766 900
5 171 100 477 359 537 645 900 684 971 645
9 98 191 165 502 248 541 264 155 400 201 617 960 624 777 884 912 994 995
9 137 44 163 573 409 997 419 367 498 958 534 915 774 899 858 741 893 59
4 60 566 114 982 173 808 351 859
8 106 779 182 173 208 44 325 898 349 718 591 697 851 651 946 581
7 20 468 429 499 481 433 718 719 805 931 876 541 894 773
4 205 906 400 646 486 543 845 722
8 108 247 435 7 450 818 486 63 556 513 685 680 736 6 951 928
8 58 381 142 656 278 894 285 531 481 911 676 980 703 966 749 453
10 137 219 188 655 222 576 266 985 374 213 484 191 492 134 676 986 831 135 834 349
6 27 408 78 555 257 762 613 7 777 892 798 71
7 12 86 128 328 160 769 271 518 362 973 396 442 929 568
7 241 804 300 239 411 710 458 475 675 714 853 413 910 721
10 123 815 145 270 272 133 305 563 306 686 345 123 486 736 512 89 532 516 969 789
10 31 788 68 505 192 963 197 336 409 11 617 68 651 492 936 978 948 969 992 394
7 193 169 230 584 276 211 281 136 323 405 658 619 702 506
10 95 827 120 722 337 690 443 739 601 861 741 421 819 157 912 394 929 420 950 953
5 230 301 249 456 255 869 374 5 467 936
10 155 849 167 234 276 53 314 172 536 992 569 291 671 130 704 793 832 364 915 534
5 303 204 374 784 378 344 738 959 950 768
9 216 309 240 129 273 993 562 232 719 194 741 31 742 357 912 504 961 762
6 126 861 613 749 742 508 752 510 791 730 962 932
6 303 973 486 36 524 373 541 279 896 493 982 649
9 28 921 58 540 465 996 596 735 616 915 675 149 720 497 725 525 855 195
10 13 162 148 899 174 924 176 527 329 404 354 216 442 343 491 463 788 122 837 820
10 23 37 90 410 255 723 289 758 419 474 599 914 667 5 791 410 818 984 836 441
9 23 537 63 94 242 943 363 98 460 943 616 915 777 308 794 403 889 884
10 166 266 291 883 365 521 389 887 471 593 514 587 540 170 579 222 729 248 748 308
9 18 968 180 917 276 925 286 461 305 315 387 571 567 653 843 80 885 509
8 15 520 149 429 313 681 504 476 587 79 773 688 804 19 828 49
7 28 915 294 75 334 253 389 889 489 505 742 824 900 527
9 1 422 100 561 186 547 390 754 401 686 613 306 686 414 813 962 910 518
8 70 747 214 800 276 819 303 903 314 401 358 194 546 55 740 353
9 175 534 223 198 285 145 363 843 551 760 567 914 590 469 599 758 869 112
7 97 220 154 791 167 556 290 358 731 569 762 779 998 675
9 23 557 46 65 61 897 301 345 511 77 577 745 692 834 718 697 875 952
10 151 789 245 326 247 201 332 767 620 870 691 90 835 841 853 9 969 562 989 341
10 46 379 70 595 113 4 144 568 234 230 396 674 410 958 700 562 896 177 914 519
9 146 999 173 909 245 415 246 213 334 303 609 722 633 858 772 163 958 686
9 239 451 388 623 455 809 481 945 713 975 785 868 848 117 936 767 948 685
8 117 723 219 940 379 424 384 559 470 956 488 251 843 691 861 753
7 46 874 250 981 282 317 584 463 650 139 745 808 816 49
10 36 807 144 597 530 5 585 122 715 846 727 365 866 627 912 963 933 871 977 598
9 184 443 205 468 211 236 267 793 387 961 612 824 639 415 694 30 742 157
8 69 747 432 220 564 206 600 496 618 172 732 888 742 25 968 703
8 17 984 19 703 354 499 361 172 495 117 506 530 582 573 685 434
8 12 160 273 796 303 483 315 617 426 43 605 775 609 239 700 646
9 14 992 185 800 187 561 209 161 425 669 448 1000 655 187 686 502 838 752
8 70 453 297 642 314 36 499 939 608 606 622 490 694 980 993 667
6 236 131 275 247 291 343 491 51 877 324 952 698
6 456 482 458 488 539 401 865 230 922 745 966 986
9 3 477 64 255 74 116 129 687 431 77 520 226 596 747 600 68 850 444
9 52 502 100 996 366 570 502 328 624 745 629 664 722 40 781 938 984 678
9 91 391 190 428 418 280 534 114 586 316 786 832 843 143 911 374 922 824
10 64 479 75 645 92 714 304 937 536 892 651 911 839 771 880 202 902 838 935 140
8 316 597 321 74 322 245 615 670 620 148 662 252 729 650 846 731
8 20 430 118 887 496 372 547 139 686 719 712 507 952 427 994 490
10 117 749 128 60 234 194 571 635 612 836 712 574 738 604 759 179 769 365 992 209
9 34 878 71 188 192 324 235 186 275 176 353 814 644 995 815 645 866 305
8 85 64 113 644 449 880 451 252 493 88 602 153 606 516 694 301
8 21 102 22 597 155 989 564 458 739 628 776 234 874 455 935 806
10 39 278 75 674 96 401 275 341 374 506 600 38 601 131 622 351 897 529 922 480
9 32 628 102 416 194 493 470 491 673 96 709 279 838 719 865 300 1000 976
10 8 813 147 268 189 171 379 297 425 648 438 878 799 402 925 781 976 911 990 341
9 34 820 547 762 564 980 633 814 719 495 737 157 794 951 854 71 941 316
9 125 619 181 591 186 838 252 18 489 226 497 608 623 243 796 935 823 589
8 79 26 102 252 133 859 270 863 507 703 525 285 590 173 635 215
7 110 334 179 225 520 403 577 551 709 110 848 103 1000 961
10 168 255 238 303 312 135 373 747 693 463 709 234 788 722 895 206 929 558 977 721
9 75 898 191 399 317 30 357 959 671 305 724 465 918 349 950 986 980 924
9 53 218 115 914 253 840 452 300 476 838 509 235 520 834 570 82 897 874
10 5 792 10 883 37 141 277 303 411 284 460 27 579 129 782 795 875 794 985 201
9 54 699 294 401 308 678 656 86 770 471 775 445 786 925 810 189 993 733
9 216 29 277 904 329 49 344 453 384 376 516 577 630 33 716 746 908 32
9 8 946 22 783 376 927 510 512 559 806 616 381 646 787 734 689 865 471
9 15 928 22 316 38 513 267 683 367 972 436 779 801 723 868 984 974 124
8 33 300 224 565 484 971 583 441 663 247 707 337 801 479 947 913
10 10 447 343 484 463 698 484 584 633 324 814 674 821 461 835 836 851 532 886 454
10 81 456 377 678 417 408 435 391 457 341 513 790 518 378 615 674 666 211 760 402
9 173 75 212 758 424 295 565 121 600 776 667 432 860 146 917 970 945 882
4 74 760 270 795 497 932 634 824
7 223 224 255 947 332 301 388 858 515 575 582 161 646 82
5 13 904 57 171 245 212 409 737 681 539
7 64 711 327 267 357 126 426 233 470 995 495 936 879 16
9 77 131 163 910 207 879 261 232 265 853 461 164 759 470 967 270 994 804
7 560 215 576 580 721 18 789 1 915 490 917 887 999 876
8 74 438 84 372 318 679 417 976 753 796 754 469 856 365 939 367
9 84 558 261 867 339 752 459 520 489 426 587 110 654 125 709 927 911 907
9 472 573 644 665 685 300 696 914 716 725 761 865 776 719 889 210 961 929
8 113 192 250 816 433 207 439 791 569 4 601 972 919 795 988 58
8 536 631 571 619 612 115 681 837 884 642 925 359 943 702 998 239
10 30 511 64 913 80 138 231 447 252 113 258 561 398 658 453 549 543 795 736 256
4 105 18 255 182 386 798 663 841
10 107 945 146 432 301 710 566 509 627 996 694 715 730 230 757 824 774 359 992 802
10 214 195 489 172 536 709 552 659 587 828 645 261 696 933 734 607 865 521 999 331
9 97 284 159 969 201 870 226 823 300 858 436 142 566 804 651 305 893 27
9 169 566 307 966 316 443 449 315 452 71 478 409 569 768 692 449 977 904
10 112 134 118 858 204 955 224 544 309 197 432 927 622 660 812 275 853 734 918 948
10 31 731 57 522 113 876 145 629 275 736 296 253 401 726 778 943 853 343 990 178
9 146 544 172 604 445 135 455 638 497 834 549 252 578 216 593 70 761 271
10 44 591 106 141 223 64 303 664 378 877 390 471 483 456 508 491 620 984 954 591
10 116 541 167 530 225 755 400 851 455 383 535 119 756 859 850 15 938 869 987 445
9 8 794 173 368 472 718 530 477 600 806 666 489 944 259 962 18 986 441
10 47 821 89 573 140 821 175 769 425 426 495 356 537 97 539 454 820 490 990 152
9 8 228 10 960 94 608 151 76 278 980 358 12 439 731 673 163 808 981
10 41 849 160 52 443 101 706 468 747 735 752 671 762 233 764 657 842 131 957 92
10 8 627 29 552 377 156 551 108 695 120 738 832 740 186 788 702 902 911 947 682
8 173 27 270 418 329 168 356 109 516 542 606 44 675 839 695 894
10 115 909 136 463 329 151 360 489 443 750 447 662 452 598 557 935 661 308 675 182
10 47 264 227 771 299 451 311 267 510 863 591 890 663 677 679 879 804 844 964 249
8 13 801 79 911 122 279 527 284 601 760 606 605 652 408 802 722
9 50 997 413 519 476 60 522 605 562 527 587 208 699 76 805 260 835 967
8 177 732 232 466 399 601 498 21 589 766 696 34 956 925 977 498
8 143 57 401 731 414 1000 545 481 642 856 664 460 981 262 988 495
10 35 677 142 173 215 103 247 956 368 168 440 839 586 883 652 711 813 623 949 921
10 39 404 198 261 218 292 238 267 246 332 441 282 536 881 899 950 915 728 919 890
8 93 687 259 7 337 173 628 868 689 695 700 633 927 645 970 291
8 99 37 415 976 430 241 616 831 768 434 915 18 918 205 994 753
9 40 924 341 820 510 71 545 117 665 970 667 37 710 312 720 736 964 775
10 96 420 144 224 259 712 277 179 286 818 352 64 381 845 432 172 769 784 838 669
9 74 706 171 249 184 126 206 11 345 626 394 996 460 170 783 313 901 286
8 13 277 286 680 331 680 458 907 478 836 617 841 783 910 971 186
8 158 149 404 490 460 969 476 47 578 759 647 906 656 727 846 157
6 219 966 292 440 352 338 541 233 709 91 721 842
6 211 92 242 310 409 554 447 152 800 194 978 309
8 19 285 40 428 192 154 546 795 551 715 683 511 754 445 987 307
6 442 709 561 984 609 622 661 560 897 570 995 641
